Distance (µm),O At%,F At%,Si At%,K At%,C At%,Na At%,
0,0.80628,0.49923,79.35326,0.371406,18.28639,0.683439,
0.00157417915213098,0.3346,1.00534,84.40777,0.355915,13.87139,0.024992,
0.00314835830426196,0.699768,0,83.85379,0.134754,15.31169,0,
0.00472253745639293,0.088097,1.00843,82.34143,0.232898,16.26487,0.064279,
0.00629671660852384,1.016156,0.16021,80.90192,0,17.92171,0,
0.00787089576065481,0.046241,0.734879,79.44794,0.001042,19.7504,0.019494,
0.00944507491278579,0.5109,0.656212,80.62328,0,18.20898,0.000628,
0.0110192540649168,1.277907,0.193267,82.92135,0.121197,15.48628,0,
0.0125934332170478,0.627584,0.899489,83.43594,0,14.91156,0.125428,
0.0141676123691787,1.114605,0.218609,84.28724,0,13.6647,0.714842,
0.0157417915213097,0.743046,0.097263,82.12188,0,16.9053,0.132508,
0.0173159706734407,0.530071,0.394302,82.76561,0,16.30145,0.008565,
0.0188901498255716,1.087757,0,81.88024,0.460577,16.57143,0,
0.0204643289777026,0.225335,0.573078,80.00516,0.126008,19.07043,0,
0.0220385081298335,0.373135,0.557973,83.66496,0.216257,15.11929,0.068392,
0.0236126872819645,0.885,0.40831,79.24875,0,19.28119,0.176748,
0.0251868664340955,1.178455,0.383452,84.16959,0.003084,14.26543,0,
0.0267610455862265,0.93062,0.55655,81.68771,0,16.82512,0,
0.0283352247383575,1.653116,0,83.54761,0.031155,14.76812,0,
0.0299094038904884,0.519257,0.762408,82.56384,0.155699,15.9988,0,
0.0314835830426196,0.905117,0.071886,79.66293,0,19.32973,0.030331,
0.0330577621947505,0.900123,0,82.05627,0,17.0436,0,
0.0346319413468815,0.37524,0.385533,83.34924,0,15.56098,0.329001,
0.0362061204990125,0,1.02308,82.31568,0.045186,16.61605,0,
0.0377802996511435,0.843231,0.107633,83.13527,0.177006,15.3601,0.376754,
0.0393544788032745,0.536476,0.269076,83.11977,0.213592,15.7926,0.068485,
0.0409286579554054,0.413249,0.620456,82.52731,0.238657,16.20033,0,
0.0425028371075364,1.479158,0.05438,79.83025,0,18.63621,0,
0.0440770162596673,0.400601,0.510292,78.89095,0,19.78981,0.408341,
0.0456511954117983,0.474754,0,81.07234,0,18.4529,0,
0.0472253745639293,1.167708,0.339207,79.83356,0.002112,18.06583,0.591579,
0.0487995537160602,1.242259,0.071319,79.5896,0.101706,18.99511,0,
0.0503737328681912,0.736768,0.658118,78.96548,0.069415,19.46712,0.103089,
0.0519479120203222,0,0.922059,79.25771,0,19.82023,0,
0.0535220911724532,0.425675,0.225513,80.29239,0.130825,18.9256,0,
0.0550962703245842,0.214211,0.433718,79.52689,0.684423,19.13141,0.009349,
0.0566704494767151,0.353818,0.161826,82.4189,0.456126,15.86209,0.747236,
0.0582446286288461,0.40897,0.092139,81.71547,0.055392,17.47963,0.248406,
0.059818807780977,0.452068,0.719341,81.75491,0.109055,16.96462,0,
0.0613929869331079,0.535106,0.766157,80.72963,0,17.61506,0.354051,
0.062967166085239,0.89876,0.626302,81.56019,0.174514,16.71974,0.020496,
0.0645413452373699,0.190854,1.070076,84.46147,0,14.2776,0,
0.0661155243895009,0.370937,0.615461,84.00331,0.04563,14.96466,0,
0.0676897035416318,0.928255,0.953418,82.14714,0.393772,15.53771,0.039699,
0.0692638826937629,1.290655,0.235656,81.1729,0,17.30078,0,
0.0708380618458938,1.073742,0.129668,79.98165,0,18.52783,0.287109,
0.0724122409980248,0.38453,0,81.46533,0.157901,17.99224,0,
0.0739864201501558,0.940849,0,83.54721,0.129172,15.04395,0.338824,
0.0755605993022867,0,0.528319,82.2798,0.285794,16.90609,0,
0.0771347784544177,0.997712,0.664819,83.84148,0,14.40905,0.086939,
0.0787089576065486,1.009177,0.834243,81.74393,0.343211,16.05842,0.011025,
0.0802831367586797,1.165554,0.008266,81.15473,0,17.66103,0.010424,
0.0818573159108106,0.983058,0.285434,84.26779,0.348837,14.11488,0,
0.0834314950629416,0.601131,1.178704,81.83983,0.444348,15.93599,0,
0.0850056742150725,0.553907,0.380781,80.6217,0,17.89123,0.552385,
0.0865798533672034,0.605527,0.344379,80.28082,0.132638,18.63664,0,
0.0881540325193345,0.050966,0.507336,80.61823,0.059658,18.7638,0,
0.0897282116714656,1.41936,0.627948,81.31886,0,16.42466,0.209182,
0.0913023908235967,0.421659,0.917558,79.82304,0.381058,18.40593,0.050761,
0.0928765699757276,0.692028,0.037064,80.81837,0.156544,18.14334,0.152649,
0.0944507491278586,1.520612,0.023014,81.89539,0.113558,16.36436,0.083067,
0.0960249282799895,0.788071,0.156614,79.98367,0.225691,18.84595,0,
0.0975991074321206,0.233784,1.214176,78.7758,0.002303,19.28744,0.486494,
0.0991732865842515,0.820319,0.795955,81.09812,0.548702,16.7369,0,
0.100747465736382,0.859944,1.451622,81.27194,0.08023,16.05695,0.27931,
0.102321644888513,0.786453,1.643736,84.46097,0.177497,12.86462,0.066733,
0.103895824040644,0.987999,0,82.44666,0.628217,15.69574,0.241386,
0.105470003192775,0.804581,1.088631,80.82074,0.608186,16.49072,0.187145,
0.107044182344906,0.477322,0.410108,81.16522,0.250483,17.19193,0.504937,
0.108618361497037,0.817209,0.677185,82.50012,0.143587,15.84258,0.019317,
0.110192540649168,1.113435,1.354666,82.19351,0.159083,15.17931,0,
0.111766719801299,0.685851,0.599639,79.67617,0.220385,18.81796,0,
0.11334089895343,0.162606,1.313707,79.14693,0.201355,18.77824,0.397159,
0.114915078105561,0.613902,0.384221,81.38321,0,17.61867,0,
0.116489257257692,0.215262,0.616692,82.14659,0,16.54022,0.481236,
0.118063436409823,0.699883,0.706065,78.57848,0.349652,19.66592,0,
0.119637615561954,1.005149,0.940768,79.62041,0.18186,18.15506,0.096755,
0.121211794714085,0.502998,0.8942,81.77351,0.644314,16.18498,0,
0.122785973866216,0.687049,0.963389,77.87024,0,20.47932,0,
0.124360153018347,0.850729,0.541041,83.00213,0.302729,15.30337,0,
0.125934332170478,0.624989,0.886874,81.44348,0,16.90969,0.13497,
0.127508511322609,1.228201,0.958188,79.04144,0.075052,18.69712,0,
0.12908269047474,0.903201,0.515856,79.11471,0.425912,18.67826,0.36206,
0.130656869626871,0.608179,1.383765,80.71876,0.470423,16.81888,0,
0.132231048779002,0.532376,0.812555,79.98024,0.336798,18.33803,0,
0.133805227931133,0.895553,0,78.57883,0,20.33914,0.186467,
0.135379407083264,1.390311,0.3736,82.52189,0.188603,15.5256,0,
0.136953586235395,0.721857,1.224576,79.13773,0.145474,18.77036,0,
0.138527765387526,0.941123,0.231532,83.75111,0,15.07623,0,
0.140101944539657,1.16685,0.522534,81.53616,0.72617,15.87372,0.174559,
0.141676123691788,1.263788,0.357655,81.48723,0.254478,16.39873,0.238116,
0.143250302843919,0,0.897997,81.88647,0.398639,16.81689,0,
0.14482448199605,1.142893,0.309075,80.74292,0.297793,17.50732,0,
0.146398661148181,1.016111,0.065962,79.32281,0.219949,19.07954,0.29563,
0.147972840300311,0.957276,0.20469,80.2719,0.194588,18.37155,0,
0.149547019452442,0.756959,0.235842,80.04709,0.374302,18.1995,0.386308,
0.151121198604573,0.741909,0.347864,81.24681,0.271028,17.1808,0.211588,
0.152695377756704,0.292486,0.907917,80.40477,0.39904,17.76393,0.231854,
0.154269556908835,1.093432,0.851353,78.48844,0.459588,18.91168,0.19551,
0.155843736060967,1.282299,0.955557,82.07588,0.008922,15.37127,0.306067,
0.157417915213098,0.883005,0.298799,81.55557,0.48251,16.78011,0,
0.158992094365229,0.73796,0.654069,79.30775,0.465274,18.74701,0.087941,
0.160566273517359,0,0.678145,80.80132,0.163789,18.34558,0.011169,
0.16214045266949,0.909292,1.207798,79.50052,0.446082,17.93631,0,
0.163714631821621,1.102664,0.701005,80.04521,0.125409,18.02571,0,
0.165288810973752,0,1.463129,78.89678,0.586026,19.05406,0,
0.166862990125883,1.427289,1.018129,80.29,0.051152,16.72376,0.489669,
0.168437169278014,0.495803,1.171415,81.77863,0.419607,15.69001,0.44454,
0.170011348430145,1.387673,1.386623,80.781,0.162484,16.22794,0.054276,
0.171585527582276,1.319995,1.268234,81.09666,0,16.31511,0,
0.173159706734407,1.519354,1.072931,80.38728,0.19206,16.8219,0.006484,
0.174733885886538,1.167993,0.739035,79.94689,0.892928,17.14487,0.108287,
0.176308065038669,1.771291,0.336478,78.38911,0.423775,18.73226,0.347098,
0.1778822441908,1.807708,1.14213,78.78872,0.8782,17.27834,0.104896,
0.179456423342931,1.103307,1.651249,76.3788,0,20.85832,0.008319,
0.181030602495062,1.711555,0.823263,80.7942,0.169526,16.50146,0,
0.182604781647193,0.197393,1.119384,79.31834,0.276112,19.08878,0,
0.184178960799324,1.071678,0.603694,77.19167,0.260171,20.87279,0,
0.185753139951455,0.430458,0.656141,80.46905,0.70094,17.74341,0,
0.187327319103586,1.252651,1.424607,79.16924,0.082078,18.07142,0,
0.188901498255717,1.714266,1.166941,79.40105,0.61063,16.86616,0.240953,
0.190475677407848,1.064731,1.567518,78.40795,0.603579,18.31283,0.043394,
0.192049856559979,0.391443,0.739806,82.77733,0.41873,15.61063,0.062066,
0.19362403571211,0.930096,0.426984,79.52496,0.496957,18.621,0,
0.195198214864241,0.9106,0.957253,80.00689,0.272294,17.69091,0.162055,
0.196772394016372,1.124601,1.040376,77.1114,0.580514,19.82555,0.317551,
0.198346573168503,1.332212,1.213258,79.39489,0.365272,17.63994,0.05443,
0.199920752320634,1.614802,1.52043,77.65385,0.888829,18.29358,0.028513,
0.201494931472765,1.083089,1.440414,77.71824,0.977418,18.78084,0,
0.203069110624896,1.119494,0.982376,80.53544,0.411411,16.95128,0,
0.204643289777027,1.785494,0.475963,79.51833,0.143575,17.50791,0.568718,
0.206217468929158,0.811245,1.318243,80.97948,0.436547,16.45448,0,
0.207791648081289,0.833481,1.44027,81.36611,0.472688,15.8686,0.018856,
0.209365827233419,0.814478,0.83302,79.04272,0.580616,18.52821,0.200959,
0.210940006385551,0,1.100223,83.64778,0,15.05561,0.196383,
0.212514185537682,0.922048,0,80.32999,0.000913,18.70739,0.03966,
0.214088364689813,1.382909,0.691029,81.27139,0.52331,15.94517,0.186188,
0.215662543841944,1.103813,1.248161,78.35863,0.318454,18.97094,0,
0.217236722994075,0.790093,1.615329,81.10529,0.314302,16.17498,0,
0.218810902146206,0.807117,1.820263,80.31612,0.872477,15.981,0.203016,
0.220385081298337,0.776584,0.849856,78.75382,0.624462,18.99528,0,
0.221959260450467,1.209726,0.796018,80.23569,0.545932,17.21264,0,
0.223533439602598,1.15993,1.921872,79.56438,0.402793,16.88224,0.068783,
0.225107618754729,0.511921,1.099657,81.84174,0.695497,15.69993,0.151252,
0.22668179790686,0.935486,1.014395,77.41701,0.896035,19.61948,0.117597,
0.228255977058991,0.840754,1.423866,80.41597,0.517876,16.80153,0,
0.229830156211122,1.409104,1.109648,79.39688,0.614262,17.12472,0.345383,
0.231404335363253,1.201484,1.347766,82.20362,0.778731,14.4684,0,
0.232978514515384,1.314395,1.471442,77.57434,0.400097,18.70362,0.536105,
0.234552693667515,1.164521,1.698158,79.60514,0.533034,16.99914,0,
0.236126872819646,1.212916,1.641217,79.81604,0.33716,16.98482,0.007848,
0.237701051971777,1.032459,1.00802,78.83222,0.128346,18.99896,0,
0.239275231123908,1.743666,0.853821,78.94382,0.788405,17.54491,0.125373,
0.240849410276039,1.485483,1.070214,77.6581,0.541006,19.21257,0.032627,
0.24242358942817,1.360173,1.351557,79.37743,0.632891,17.27795,0,
0.243997768580301,0.625036,1.240928,79.5563,0.942176,17.63556,0,
0.245571947732432,0.694846,1.885836,80.7692,0.323367,15.85896,0.467792,
0.247146126884563,1.146572,1.600221,79.9789,0.391787,16.34528,0.53724,
0.248720306036694,0.565297,1.946658,82.18906,0.870885,14.4281,0,
0.250294485188825,1.847647,1.472535,78.48228,0.399838,17.29581,0.501882,
0.251868664340956,1.946325,1.483358,77.69861,0.381864,18.36763,0.122214,
0.253442843493087,0.336666,2.508986,80.42214,0.771882,15.80925,0.15107,
0.255017022645218,1.274475,1.356149,76.87931,1.00678,19.48328,0,
0.256591201797349,0.985424,1.679806,77.82216,0.105684,19.28403,0.122897,
0.25816538094948,1.054275,0.641106,77.7338,0.76676,19.27893,0.525127,
0.259739560101611,1.380743,0.645737,79.15868,0.474792,18.09211,0.247943,
0.261313739253742,1.859796,0.652634,78.3691,0.17456,18.94391,0,
0.262887918405873,0.418578,2.004605,76.34011,0.674847,20.54039,0.021472,
0.264462097558004,2.17587,1.716103,79.07485,0.479656,16.55352,0,
0.266036276710135,1.184541,0.870191,82.03129,0.313548,15.3088,0.291625,
0.267610455862266,1.442046,0.284369,79.55042,0.66146,18.06171,0,
0.269184635014396,0.621284,2.175888,76.90629,0.677489,19.47415,0.144903,
0.270758814166527,0.935082,2.132437,78.42531,0.859802,17.2544,0.392975,
0.272332993318658,1.454274,1.491531,78.1288,1.011323,17.91407,0,
0.27390717247079,1.649625,1.908207,77.98817,1.086093,17.12263,0.245285,
0.275481351622921,0.982674,1.691299,79.69415,0.818412,16.7834,0.030068,
0.277055530775052,1.843308,1.334801,79.75371,0.642755,16.42543,0,
0.278629709927183,0.619154,1.325573,81.0176,0.625508,16.2228,0.189369,
0.280203889079313,1.483819,1.511489,76.07761,0.667721,19.83153,0.427824,
0.281778068231445,0.776787,1.747769,78.64289,1.433399,17.39915,0,
0.283352247383576,1.250999,1.117082,80.76704,0.701386,15.86646,0.29703,
0.284926426535706,0.870503,1.295268,78.29392,0.508136,18.76665,0.265518,
0.286500605687837,1.704392,0.355959,80.37573,0.783508,16.78041,0,
0.288074784839968,1.097294,1.39729,78.67751,0.49141,17.99537,0.341121,
0.289648963992099,1.352774,0.963699,79.6455,0.909814,16.86908,0.25914,
0.29122314314423,1.044309,1.18608,77.97467,1.19278,18.60217,0,
0.292797322296361,1.489688,1.448103,78.44302,0.968224,17.58582,0.065144,
0.294371501448492,1.075091,1.777783,80.31396,1.260571,15.57259,0,
0.295945680600623,1.694635,2.031016,81.085,0.512775,14.48372,0.192858,
0.297519859752754,1.429421,1.794015,77.26987,1.040296,18.16487,0.301526,
0.299094038904885,2.198433,1.777705,75.83423,0.870684,18.90201,0.416945,
0.300668218057016,1.588596,0.978708,80.5527,0.959855,15.92015,0,
0.302242397209147,1.785689,1.851621,77.65677,0.89566,17.77865,0.031614,
0.303816576361278,1.3388,1.655751,76.26194,0.943731,19.79978,0,
0.305390755513409,1.726139,1.613143,76.12093,1.095829,19.04243,0.401533,
0.30696493466554,1.108561,1.388729,79.13292,0.950147,17.41965,0,
0.308539113817671,1.395389,1.78709,76.87359,1.535144,18.40879,0,
0.310113292969802,1.902391,1.218868,76.33983,1.213556,18.90688,0.418477,
0.311687472121933,1.113011,1.261351,79.02542,0.642208,17.95801,0,
0.313261651274064,1.140057,1.979723,73.74208,1.327611,21.42556,0.384966,
0.314835830426195,1.37036,1.452736,75.14705,1.450216,20.57964,0,
0.316410009578326,0.470358,1.615617,79.23525,1.468634,17.21013,0,
0.317984188730457,1.615252,2.043109,72.97318,0.806973,22.38383,0.177659,
0.319558367882588,1.586576,1.814796,78.06757,1.777122,16.65273,0.101215,
0.321132547034719,1.983644,1.989535,77.4537,0.77508,17.79804,0,
0.32270672618685,1.220493,2.524599,78.00578,1.158584,16.94325,0.147283,
0.324280905338981,1.06443,2.243876,80.50448,1.162261,15.02496,0,
0.325855084491112,1.849605,2.033293,74.74595,1.381649,19.91121,0.078288,
0.327429263643243,2.67922,1.546613,76.57757,1.498538,17.58353,0.114523,
0.329003442795374,1.390756,1.730973,76.50179,1.095361,19.23654,0.044585,
0.330577621947505,1.879006,1.927203,77.06461,1.08232,18.04687,0,
0.332151801099636,2.023359,2.197108,74.4184,0.610163,20.54576,0.205222,
0.333725980251767,1.564364,1.440977,77.40461,1.363424,18.22663,0,
0.335300159403898,2.395954,2.305827,72.19046,2.186392,20.92137,0,
0.336874338556029,1.085498,2.724689,76.60066,1.45093,18.13822,0,
0.33844851770816,1.780919,1.839697,75.72531,1.297544,18.76979,0.586741,
0.340022696860291,2.166232,1.347118,75.07821,1.345065,19.63914,0.424232,
0.341596876012421,1.65854,2.046324,75.67774,0.854032,19.50573,0.257636,
0.343171055164553,0.727085,1.768463,73.78509,1.429658,22.28971,0,
0.344745234316683,0.94882,2.190956,75.28364,1.248212,20.32837,0,
0.346319413468814,1.211493,2.266121,76.56924,1.117837,18.60539,0.22992,
0.347893592620945,1.728277,2.327698,74.13246,0.991946,20.73639,0.083227,
0.349467771773076,1.596354,1.79759,74.86646,0.973056,20.55805,0.208492,
0.351041950925207,0.669178,3.310897,78.2903,0.867923,16.45121,0.410496,
0.352616130077338,2.191739,2.608483,74.15359,1.397884,19.6483,0,
0.354190309229469,1.671471,2.371512,75.97671,2.061069,17.55789,0.361347,
0.3557644883816,1.102013,2.679793,73.87592,1.641504,20.46331,0.237462,
0.357338667533731,1.911615,2.407041,73.49151,1.616265,20.428,0.145571,
0.358912846685862,1.780412,2.18268,73.82355,1.391739,20.76465,0.056965,
0.360487025837993,0.620452,3.032231,76.869,1.264013,18.21431,0,
0.362061204990124,1.637365,2.05272,76.00009,1.998258,18.13114,0.180427,
0.363635384142255,1.423555,2.481696,76.13937,1.756567,18.00916,0.189647,
0.365209563294386,1.908403,3.201154,75.67605,1.048509,17.93762,0.228266,
0.366783742446517,1.188725,1.399951,74.24204,1.438888,21.52897,0.201429,
0.368357921598648,2.524733,2.221565,74.57825,1.662311,18.57999,0.433153,
0.369932100750779,1.895964,2.562457,76.07397,1.473424,17.99418,0,
0.37150627990291,0.992781,2.978019,75.93079,1.158165,18.94024,0,
0.373080459055041,1.347935,2.662726,77.23952,1.786186,16.8455,0.118133,
0.374654638207172,1.632304,2.384943,77.18255,1.734426,17.06577,0,
0.376228817359303,2.951366,2.198621,76.96935,1.69012,15.77291,0.417633,
0.377802996511434,1.801386,2.777187,76.14349,1.144057,17.82523,0.308652,
0.379377175663565,2.637042,2.30476,72.69762,2.727176,19.53036,0.103032,
0.380951354815696,3.037865,1.764265,74.83256,1.844774,18.52054,0,
0.382525533967827,1.677862,2.720034,75.01157,1.55368,19.03685,0,
0.384099713119958,2.380703,3.166148,72.21414,1.488313,20.75069,0,
0.385673892272089,2.762775,2.686692,76.73493,1.714576,16.10103,0,
0.38724807142422,1.644873,3.126409,74.81372,1.955911,18.45909,0,
0.388822250576351,2.174768,3.091938,74.40028,2.148098,17.91633,0.268592,
0.390396429728482,1.290623,2.859782,77.09971,2.011624,16.72188,0.016386,
0.391970608880612,1.976595,2.781608,74.18781,1.885249,19.16874,0,
0.393544788032743,1.935229,3.517682,74.53081,1.954253,18.06203,0,
0.395118967184874,2.424441,1.841939,75.064,2.350486,17.96121,0.357926,
0.396693146337005,2.227883,3.428322,75.89028,2.011553,16.44197,0,
0.398267325489136,1.779114,2.904148,71.59698,2.449134,21.0545,0.216127,
0.399841504641267,2.148122,2.797559,74.03693,1.894387,19.01658,0.106423,
0.401415683793398,2.223764,3.276384,71.86147,1.97897,20.45507,0.204349,
0.402989862945529,1.280032,2.478716,74.01698,2.096537,20.12773,0,
0.40456404209766,2.276493,2.843084,74.84822,1.96474,18.06746,0,
0.406138221249791,2.493902,2.368937,71.97169,2.429981,20.46848,0.267007,
0.407712400401922,1.53767,3.637011,75.00182,2.826672,16.99683,0,
0.409286579554053,2.347718,3.401229,74.18055,2.055336,17.81983,0.195339,
0.410860758706184,2.095028,1.535078,77.20673,2.141055,17.0221,0,
0.412434937858315,2.898536,2.88407,76.61976,3.366365,14.10583,0.125439,
0.414009117010446,2.050771,3.257762,75.14096,2.775777,16.77473,0,
0.415583296162577,1.775985,3.619547,77.08508,1.719533,15.76295,0.036908,
0.417157475314708,2.054161,3.568624,71.66498,2.689333,19.61229,0.410614,
0.418731654466839,2.335361,2.133178,70.20915,3.200413,21.50649,0.615406,
0.42030583361897,2.414062,2.455991,72.09589,2.222475,20.2322,0.579376,
0.421880012771101,1.193918,2.746866,73.85392,2.471497,19.7338,0,
0.423454191923232,1.814575,2.999892,75.34565,2.315566,17.45839,0.065933,
0.425028371075363,3.270128,2.240798,72.2202,2.233794,19.99164,0.043444,
0.426602550227494,2.459188,3.548904,73.79278,2.510035,17.68909,0,
0.428176729379625,3.0347,2.937628,76.80168,3.174634,13.97046,0.080893,
0.429750908531756,2.288006,3.254598,72.06105,2.66536,19.64366,0.087324,
0.431325087683887,2.629107,3.407891,75.1197,2.017746,16.48538,0.340174,
0.432899266836018,2.237357,2.911492,73.29294,2.54934,19.00887,0,
0.434473445988149,2.414521,4.496312,73.05803,2.534119,17.49702,0,
0.43604762514028,1.441282,3.815465,71.19079,2.95306,20.59941,0,
0.437621804292411,2.034444,2.672133,74.83245,3.588114,16.87286,0,
0.439195983444542,2.22534,2.5462,71.98633,2.698129,20.39366,0.150346,
0.440770162596673,1.717043,3.281246,70.81541,2.80355,20.93634,0.446408,
0.442344341748804,3.474037,3.774755,70.90538,2.956129,18.47227,0.417426,
0.443918520900935,2.716401,3.126671,68.68226,3.050843,21.70627,0.717553,
0.445492700053066,2.830881,3.50893,74.76818,3.016353,15.75991,0.115744,
0.447066879205197,4.157742,3.537474,69.89231,3.008649,19.40382,0,
0.448641058357328,1.897106,4.016013,69.44767,3.653093,20.9844,0.001718,
0.450215237509459,3.039849,4.11932,70.73135,3.031258,18.90752,0.170706,
0.45178941666159,2.467504,4.864973,69.05647,4.072253,19.5388,0,
0.453363595813721,2.768394,3.738054,70.94168,3.403455,19.14841,0,
0.454937774965852,1.264922,4.19569,69.34547,3.272792,21.92113,0,
0.456511954117983,2.412566,4.567571,69.34076,2.863628,20.4992,0.316272,
0.458086133270114,1.690173,5.368377,66.54903,3.69208,22.41733,0.283014,
0.459660312422245,3.123273,3.458499,70.99557,3.358124,18.57901,0.485515,
0.461234491574376,3.422862,4.020401,71.58567,3.115258,17.85581,0,
0.462808670726507,3.240066,4.882329,69.92005,3.443983,18.31123,0.202336,
0.464382849878638,2.016651,4.507553,71.72723,2.912209,18.80781,0.028547,
0.465957029030769,2.703172,4.330388,68.86642,4.94635,18.96002,0.193645,
0.4675312081829,2.601474,4.42484,71.3039,3.344728,18.25997,0.065093,
0.46910538733503,3.174992,4.474989,68.31974,4.384057,19.62762,0.018595,
0.470679566487161,3.27097,5.755254,67.55245,2.760982,20.58972,0.07062,
0.472253745639292,3.735201,4.010739,68.96519,4.367283,18.35761,0.563983,
0.473827924791423,2.735903,4.073131,69.77046,3.366275,19.58072,0.473504,
0.475402103943554,2.601435,4.34383,70.28568,3.121729,19.64733,0,
0.476976283095685,3.150357,5.237739,67.21628,4.741566,19.42277,0.231291,
0.478550462247816,3.295765,3.755875,67.60345,4.100746,21.24416,0,
0.480124641399947,2.276216,5.324744,67.17262,4.204405,20.59377,0.428237,
0.481698820552078,2.327966,4.136513,68.10274,3.724269,21.60251,0.106005,
0.483272999704209,2.462281,5.1116,71.80511,3.96613,16.65487,0,
0.48484717885634,3.199585,4.002579,66.44354,5.156319,20.82401,0.373968,
0.486421358008471,1.934438,5.556947,67.15437,4.887467,20.46678,0,
0.487995537160602,2.715435,5.239929,70.57103,4.129835,17.34377,0,
0.489569716312733,3.566854,4.006054,65.57422,4.540315,22.26545,0.047112,
0.491143895464864,3.862507,4.874598,66.70864,4.364961,20.1893,0,
0.492718074616995,2.822596,5.471927,71.63734,4.878301,15.18983,0,
0.494292253769126,3.152874,4.003619,69.16009,5.288408,18.39502,0,
0.495866432921257,5.11097,4.650384,67.2291,5.856626,17.15292,0,
0.497440612073388,4.119094,3.822007,67.49615,4.097457,20.33947,0.125826,
0.499014791225519,3.47086,4.242819,65.73834,5.491009,20.92032,0.136644,
0.50058897037765,2.862637,5.26337,64.59064,5.521818,21.22768,0.533851,
0.502163149529781,3.919002,4.751462,64.44698,5.18643,21.36497,0.331154,
0.503737328681912,2.651191,5.602367,66.71673,5.171767,19.65822,0.199729,
0.505311507834043,2.807371,6.740556,66.12038,5.598652,18.47495,0.258092,
0.506885686986174,2.705811,4.780431,65.47382,5.664782,21.00524,0.369918,
0.508459866138305,3.799623,6.589684,65.43443,5.989429,18.18684,0,
0.510034045290436,2.893072,5.718826,64.93378,5.751817,20.70251,0,
0.511608224442566,3.024832,5.875661,63.84927,4.796034,22.4542,0,
0.513182403594698,3.305662,6.691601,66.70902,6.089494,17.06537,0.138849,
0.514756582746828,4.38108,6.164388,63.14917,5.96956,20.33581,0,
0.516330761898959,3.697881,5.054774,67.62952,5.617661,18.00017,0,
0.517904941051091,3.732853,6.580491,61.74755,5.464132,22.05665,0.418323,
0.519479120203221,3.851193,5.45346,63.87505,5.283943,21.53635,0,
0.521053299355352,4.888228,6.093619,60.37624,7.031562,21.61035,0,
0.522627478507484,3.031496,6.006254,63.8426,6.750514,20.36913,0,
0.524201657659615,4.286328,5.768525,64.35638,6.510199,18.97541,0.103159,
0.525775836811746,4.343237,5.489494,64.3625,6.380315,19.0611,0.363354,
0.527350015963877,4.562892,6.115947,62.22808,6.879652,19.89121,0.322217,
0.528924195116007,4.376632,6.6219,62.11597,5.976518,20.4255,0.483479,
0.530498374268138,5.299085,5.689268,66.69617,6.010391,16.30508,0,
0.532072553420269,3.317434,6.626392,65.82495,6.500917,17.73031,0,
0.5336467325724,3.204048,8.100261,62.39024,7.74298,18.49571,0.06676,
0.535220911724531,4.862946,8.572007,58.87102,7.462758,20.23127,0,
0.536795090876662,4.305131,7.771452,61.91547,7.415026,18.35702,0.235902,
0.538369270028793,5.116477,7.393277,64.46216,8.527941,14.23718,0.26296,
0.539943449180924,5.779773,6.950883,63.94555,7.469323,15.38953,0.464946,
0.541517628333055,6.722906,8.032347,65.36594,6.579275,13.02807,0.271456,
0.543091807485186,5.467115,7.926309,62.54993,8.835342,15.2213,0,
0.544665986637317,4.905619,7.626758,63.09632,8.986472,15.10489,0.279945,
0.546240165789448,6.635965,7.10369,63.13319,8.149942,14.36952,0.607692,
0.547814344941579,4.683243,8.018974,61.63615,8.42489,17.23674,0,
0.54938852409371,4.258836,7.207919,67.14873,8.700774,12.68374,0,
0.550962703245841,4.798515,8.033508,64.84174,9.005478,12.76602,0.554742,
0.552536882397972,4.795096,7.898926,66.77014,9.632999,10.90283,0,
0.554111061550103,5.533984,7.351035,62.07069,9.783587,15.18179,0.078908,
0.555685240702234,5.204091,7.904718,65.59389,7.644738,13.65256,0,
0.557259419854365,4.852881,6.572475,67.60484,8.694985,12.05994,0.21487,
0.558833599006496,4.512764,9.466166,66.9711,9.049376,9.861447,0.139146,
0.560407778158627,5.11057,7.460753,65.46395,9.960136,11.73153,0.273058,
0.561981957310758,4.744596,7.283563,64.25104,9.206016,14.46622,0.048575,
0.563556136462889,5.245315,9.221585,63.44743,9.762146,12.32352,0,
0.56513031561502,4.592414,8.402145,64.71786,8.547492,13.7401,0,
0.566704494767151,4.890374,8.261683,63.697,9.308483,13.84246,0,
0.568278673919282,5.788083,8.661443,62.45683,8.695805,13.97815,0.419687,
0.569852853071413,4.532559,8.958005,61.89469,8.911825,15.70292,0,
0.571427032223544,5.558578,7.521116,58.985,10.07297,17.72155,0.14078,
0.573001211375675,6.255169,6.417521,61.64185,9.497975,16.18749,0,
0.574575390527806,5.960511,9.002903,61.16801,9.608808,14.25976,0,
0.576149569679937,5.934975,8.574487,62.06524,10.2746,13.08152,0.069184,
0.577723748832068,4.690692,9.794722,60.30703,9.863513,15.34404,0,
0.579297927984199,7.711004,8.261345,57.80907,10.36265,15.61874,0.237194,
0.58087210713633,5.796924,7.198511,58.07477,11.95337,16.71458,0.261837,
0.582446286288461,6.856197,9.778714,60.19707,10.74662,12.32141,0.09999,
0.584020465440591,5.433161,9.41916,58.79071,13.0347,13.1481,0.174175,
0.585594644592723,6.925338,8.935372,58.0126,9.676421,16.03499,0.41528,
0.587168823744853,5.136051,7.906097,57.74194,11.56761,17.64831,0,
0.588743002896985,5.90466,9.774657,56.49974,10.4129,16.97705,0.430989,
0.590317182049116,6.75167,8.808105,54.72646,10.02582,19.11422,0.573721,
0.591891361201246,5.393199,8.101775,56.16777,11.36681,18.95902,0.011411,
0.593465540353377,6.12204,8.186577,54.24179,10.08633,21.29397,0.069286,
0.595039719505508,5.7926,7.152412,56.19863,11.13829,19.63573,0.08234,
0.596613898657639,6.04156,8.350067,55.65915,12.55223,17.3237,0.073302,
0.59818807780977,6.039654,8.918653,53.25758,9.850496,21.486,0.447625,
0.599762256961901,6.926776,8.505491,52.46557,9.449909,22.23944,0.412807,
0.601336436114032,6.149367,7.889928,52.12253,11.28363,22.54742,0.007114,
0.602910615266163,6.862643,7.664165,50.99197,11.17337,23.30786,0,
0.604484794418294,8.384345,8.496562,51.48265,10.88464,20.71369,0.038112,
0.606058973570425,5.361115,8.267795,53.30887,10.52762,22.5346,0,
0.607633152722556,6.313631,8.586948,48.69278,13.09916,23.26631,0.041173,
0.609207331874687,6.059362,9.575546,49.02162,11.2137,24.12977,0,
0.610781511026818,6.141057,8.580428,48.82923,13.28216,22.9263,0.240823,
0.612355690178949,5.418877,8.780864,48.99284,10.93032,25.78654,0.090562,
0.61392986933108,5.631355,8.425295,46.77037,9.348356,29.35186,0.47277,
0.615504048483211,6.645848,7.973061,48.84915,12.84722,23.63921,0.045509,
0.617078227635342,6.908204,8.979125,48.94498,10.88406,24.28363,0,
0.618652406787473,4.954177,9.845502,50.79918,11.7538,22.64734,0,
0.620226585939604,5.238704,9.304697,50.92462,10.78416,23.70942,0.0384,
0.621800765091735,5.406369,8.12921,48.90196,10.88826,25.93331,0.740899,
0.623374944243866,5.805837,8.394746,46.56442,11.23902,27.83782,0.15816,
0.624949123395997,5.553493,7.970837,44.62855,11.34164,29.84819,0.657294,
0.626523302548128,4.63936,8.852457,47.35721,10.34117,28.8098,0,
0.628097481700259,5.316104,8.454281,46.6585,10.79525,28.77587,0,
0.62967166085239,6.471267,7.522861,44.47832,10.82358,30.60515,0.098823,
0.631245840004521,6.443525,7.937149,46.33258,11.06452,27.79212,0.430104,
0.632820019156652,5.750283,8.606003,46.61092,10.88048,27.92712,0.225193,
0.634394198308783,5.354257,8.663813,43.40047,10.09277,32.4887,0,
0.635968377460914,4.728069,8.177283,44.3174,9.709681,32.97063,0.09693,
0.637542556613044,5.038664,7.673432,46.45557,12.0807,28.48192,0.269718,
0.639116735765176,6.971949,7.4375,43.04687,8.922225,33.08445,0.537006,
0.640690914917306,5.788597,8.635523,41.18792,11.05364,33.22812,0.10621,
0.642265094069438,5.934806,7.714731,47.80324,12.4671,25.78131,0.298822,
0.643839273221569,7.541975,7.762663,45.07851,10.43263,28.97885,0.205359,
0.6454134523737,6.608496,6.454475,47.60011,10.13866,28.76364,0.434619,
0.646987631525831,7.381267,6.031719,42.86652,11.76851,31.95199,0,
0.648561810677961,5.715169,8.005079,44.13831,9.726143,31.74172,0.673581,
0.650135989830093,7.758346,7.092331,45.03664,10.84818,29.2645,0,
0.651710168982224,7.577044,8.963517,46.93896,10.7948,25.72567,0,
0.653284348134354,5.884701,8.640148,45.42778,11.33365,28.07043,0.643289,
0.654858527286485,7.021863,9.546401,47.48185,11.6509,24.09937,0.199619,
0.656432706438616,6.949081,7.22948,45.85505,12.11857,27.84781,0,
0.658006885590747,4.693285,8.768594,50.64816,10.90276,24.77399,0.213219,
0.659581064742878,6.695756,7.8813,45.84352,11.38387,27.46031,0.735243,
0.661155243895009,6.556967,8.118472,46.12619,11.2381,27.77231,0.187963,
0.66272942304714,7.496795,9.604735,44.53875,9.883776,28.32016,0.155784,
0.664303602199271,7.494338,8.139803,46.53239,9.726464,27.8646,0.242405,
0.665877781351402,9.24592,7.826995,47.54221,9.263546,25.67937,0.441957,
0.667451960503533,6.874191,8.973733,46.49185,10.81939,26.43794,0.402892,
0.669026139655664,7.48458,9.977379,45.63301,9.723138,27.18189,0,
0.670600318807795,8.852582,7.745996,47.0388,10.47248,25.5767,0.313452,
0.672174497959926,9.093729,7.282846,47.88428,9.905736,25.71966,0.113744,
0.673748677112057,6.657294,8.32423,45.58989,9.622289,29.49548,0.310828,
0.675322856264188,6.488493,8.979507,46.22392,10.19618,28.1119,0,
0.676897035416319,7.611812,9.350926,45.91346,10.89301,26.01701,0.213774,
0.67847121456845,8.87042,6.858634,48.09029,12.32112,23.85953,0,
0.680045393720581,6.660932,7.97908,48.35785,9.603209,27.31989,0.079035,
0.681619572872712,6.125452,7.605352,45.80359,11.22002,29.24558,0,
0.683193752024843,7.348014,7.869411,47.39321,11.3245,25.69554,0.369337,
0.684767931176974,6.530373,7.778518,51.60796,11.59003,22.41298,0.08015,
0.686342110329105,8.395075,9.165538,48.50954,12.01517,21.91468,0,
0.687916289481236,5.986521,7.58841,45.4005,9.84804,30.82328,0.353256,
0.689490468633367,7.323286,7.775995,46.30135,11.87704,26.47509,0.24724,
0.691064647785498,6.254296,7.283194,51.18035,12.29493,22.76077,0.226465,
0.692638826937629,6.839634,7.479516,49.88827,11.13855,24.51924,0.134793,
0.69421300608976,7.838897,6.737916,51.82565,11.78986,21.78774,0.019929,
0.695787185241891,7.567222,7.447305,46.2624,11.58962,26.68038,0.453073,
0.697361364394022,5.40209,7.767604,47.75539,11.44627,27.4913,0.137355,
0.698935543546153,6.10191,8.880308,47.15837,11.40308,25.55202,0.904314,
0.700509722698284,7.397601,7.606807,45.67165,10.41424,28.80939,0.100321,
0.702083901850415,5.326156,7.51098,53.76321,10.60781,22.79184,0,
0.703658081002546,6.698245,7.694967,51.05574,11.88423,21.96727,0.699542,
0.705232260154677,6.614845,6.43432,51.43195,11.19146,24.32743,0,
0.706806439306808,5.706931,8.896545,52.27242,13.37601,19.57659,0.171507,
0.708380618458939,8.418617,7.778991,47.82657,11.0694,24.90642,0,
0.709954797611069,7.592527,8.079869,50.98583,11.60681,21.73496,0,
0.711528976763201,5.523666,7.993809,48.75254,12.03369,25.52426,0.172036,
0.713103155915331,6.932226,7.08699,51.66628,11.9148,22.3997,0,
0.714677335067462,8.554485,6.988122,49.91497,12.6958,21.54367,0.302949,
0.716251514219593,6.822573,8.011912,51.48425,9.736662,23.72676,0.217851,
0.717825693371724,6.900155,5.845367,50.09307,10.57821,26.3527,0.230498,
0.719399872523855,5.469725,7.186858,50.92761,12.35803,23.79796,0.259822,
0.720974051675986,6.079684,6.671116,54.0127,12.7829,19.98867,0.464934,
0.722548230828117,7.580689,7.869901,52.31303,11.08456,21.15182,0,
0.724122409980248,6.927824,5.716395,50.49587,12.09966,24.69963,0.06062,
0.725696589132379,7.108682,5.651363,53.00497,10.29101,23.94398,0,
0.72727076828451,7.33362,6.387824,52.69727,11.57215,21.45153,0.557606,
0.728844947436641,6.560004,7.258745,51.64528,9.692964,24.84301,0,
0.730419126588772,6.888485,7.225343,54.42622,14.0437,17.36749,0.048759,
0.731993305740903,6.234373,7.280601,51.14977,11.87395,23.35133,0.109982,
0.733567484893034,7.726261,6.218874,52.73906,12.22374,21.09207,0,
0.735141664045165,6.342193,5.915305,51.77564,11.22816,24.58759,0.151115,
0.736715843197296,7.110671,6.217173,54.42537,11.35129,20.85385,0.041644,
0.738290022349427,6.135002,7.270013,58.35405,10.95822,17.06854,0.214173,
0.739864201501558,6.455587,6.833177,52.91768,12.48632,20.99959,0.307647,
0.741438380653689,7.961871,5.318538,57.37998,10.96483,18.26032,0.114458,
0.74301255980582,8.936118,5.992041,54.92,10.85532,19.29652,0,
0.744586738957951,6.700527,2.837851,56.7072,11.29461,22.41673,0.043084,
0.746160918110082,5.765904,5.405742,56.86155,10.21265,21.71846,0.035686,
0.747735097262213,5.968177,5.433925,58.50754,9.667583,20.42277,0,
0.749309276414344,6.19743,2.982577,62.82973,10.28432,17.70593,0,
0.750883455566475,4.936272,4.923347,63.69479,9.637199,16.08059,0.7278,
0.752457634718606,5.63733,4.315599,57.55338,11.41743,20.33008,0.746185,
0.754031813870737,3.902458,4.260815,61.1674,11.41825,18.61553,0.635543,
0.755605993022868,3.954626,3.257582,68.02625,10.40308,14.35846,0,
0.757180172174999,4.535748,3.980547,65.3052,8.677343,17.10319,0.397976,
0.75875435132713,4.358795,4.492939,66.791,9.487877,14.86939,0,
0.76032853047926,5.220181,3.297997,69.55056,10.32804,11.40625,0.196968,
0.761902709631391,3.919501,2.940338,73.14358,10.38091,9.615673,0,
0.763476888783522,2.404542,2.200132,73.94859,10.4274,10.40191,0.617433,
0.765051067935653,3.641507,2.361857,75.022,9.288044,9.472319,0.214278,
0.766625247087784,3.874846,1.998767,81.24049,7.398814,4.953003,0.534072,
0.768199426239915,3.397717,1.945241,81.5991,6.498665,6.559279,0,
0.769773605392046,2.41522,3.042966,83.01566,7.817854,3.48369,0.224615,
0.771347784544177,1.151215,2.183126,79.57882,8.558883,8.29952,0.228434,
0.772921963696308,3.102711,1.878824,78.31731,11.14064,5.300709,0.259809,
0.774496142848439,2.916147,2.240344,76.29016,8.757978,8.869449,0.925922,
0.77607032200057,3.742402,2.719988,81.11969,7.959009,3.313965,1.144945,
0.777644501152701,2.919969,1.151564,82.1511,10.07431,3.703055,0,
0.779218680304832,3.295855,1.793475,85.2723,7.172303,2.058956,0.407111,
0.780792859456963,3.108247,1.316312,80.68973,7.944247,6.544275,0.397192,
0.782367038609094,3.770675,1.507636,78.96508,8.866799,6.321027,0.568783,
0.783941217761225,4.361952,1.43089,81.72763,7.67012,4.404181,0.405227,
0.785515396913356,2.927343,2.359551,85.85904,7.716111,0.736286,0.401667,
