Distance (µm),O Wt%,F Wt%,Si Wt%,K Wt%,C Wt%,Na Wt%,
0,0.515786,0.379227,89.11396,0.580683,8.782098,0.628246,
0.00157417915213098,0.207794,0.741372,92.02115,0.540207,6.467173,0.022303,
0.00314835830426196,0.4381,0,92.1591,0.20619,7.196607,0,
0.00472253745639293,0.055509,0.75451,91.07932,0.358654,7.693805,0.058199,
0.00629671660852384,0.648543,0.121418,90.64299,0,8.58705,0,
0.00787089576065481,0.029786,0.562095,89.83762,0.00164,9.550819,0.018043,
0.00944507491278579,0.326466,0.497922,90.43981,0,8.735227,0.000576,
0.0110192540649168,0.803731,0.144339,91.55349,0.186298,7.312145,0,
0.0125934332170478,0.393369,0.669481,91.80741,0,7.016765,0.112971,
0.0141676123691787,0.693918,0.16161,92.11831,0,6.386657,0.639504,
0.0157417915213097,0.470568,0.073143,91.29829,0,8.037407,0.120586,
0.0173159706734407,0.33434,0.295324,91.64346,0,7.719107,0.007763,
0.0188901498255716,0.686743,0,90.74827,0.710674,7.854316,0,
0.0204643289777026,0.144465,0.436279,90.0431,0.197442,9.17872,0,
0.0220385081298335,0.233376,0.414399,91.861,0.330572,7.099182,0.061467,
0.0236126872819645,0.570163,0.312364,89.62827,0,9.325576,0.163628,
0.0251868664340955,0.736032,0.284387,92.28598,0.004707,6.688898,0,
0.0267610455862265,0.590404,0.419273,90.97684,0,8.013486,0,
0.0283352247383575,1.036549,0,91.9639,0.047743,6.95181,0,
0.0299094038904884,0.32708,0.570261,91.29733,0.239697,7.565627,0,
0.0314835830426196,0.582471,0.054933,89.99595,0,9.338599,0.028048,
0.0330577621947505,0.570623,0,91.31799,0,8.111389,0,
0.0346319413468815,0.235546,0.287371,91.84717,0,7.333148,0.296763,
0.0362061204990125,0,0.767422,91.28286,0.069762,7.879955,0,
0.0377802996511435,0.52894,0.080172,91.54656,0.271366,7.233361,0.339597,
0.0393544788032745,0.336881,0.200639,91.62785,0.327807,7.445026,0.061797,
0.0409286579554054,0.26028,0.46404,91.24812,0.367375,7.660186,0,
0.0425028371075364,0.950155,0.04148,90.02117,0,8.987193,0,
0.0440770162596673,0.258549,0.391079,89.383,0,9.588675,0.378704,
0.0456511954117983,0.303068,0,90.85346,0,8.843471,0,
0.0472253745639293,0.747884,0.257976,89.7599,0.003306,8.686484,0.54445,
0.0487995537160602,0.798602,0.054443,89.81975,0.159798,9.167409,0,
0.0503737328681912,0.475109,0.503943,89.39168,0.109402,9.424338,0.095526,
0.0519479120203222,0,0.705884,89.70112,0,9.592998,0,
0.0535220911724532,0.272566,0.171467,90.25359,0.204735,9.097644,0,
0.0550962703245842,0.136976,0.329324,89.27142,1.069626,9.184057,0.00859,
0.0566704494767151,0.222069,0.120607,90.80968,0.69968,7.474036,0.673926,
0.0582446286288461,0.259526,0.06943,91.03125,0.085909,8.327366,0.226515,
0.059818807780977,0.28643,0.541209,90.934,0.168876,8.069486,0,
0.0613929869331079,0.341055,0.579851,90.32626,0,8.428578,0.324262,
0.062967166085239,0.569455,0.47121,90.71743,0.270242,7.953003,0.018661,
0.0645413452373699,0.118948,0.791931,92.40878,0,6.680345,0,
0.0661155243895009,0.23196,0.457013,92.21597,0.069739,7.025318,0,
0.0676897035416318,0.583982,0.712247,90.72395,0.605457,7.338476,0.035889,
0.0692638826937629,0.821777,0.178171,90.73023,0,8.269817,0,
0.0708380618458938,0.688489,0.098729,90.02941,0,8.918831,0.264539,
0.0724122409980248,0.244474,0,90.92255,0.245354,8.587627,0,
0.0739864201501558,0.589123,0,91.83646,0.197679,7.071869,0.304864,
0.0755605993022867,0,0.395909,91.15365,0.440801,8.009643,0,
0.0771347784544177,0.623914,0.493671,92.03971,0,6.764583,0.078124,
0.0787089576065486,0.637065,0.625352,90.58769,0.529521,7.61037,0.010001,
0.0802831367586797,0.742793,0.006255,90.79177,0,8.449634,0.009546,
0.0818573159108106,0.611727,0.210911,92.05293,0.530528,6.593901,0,
0.0834314950629416,0.378739,0.881842,90.51754,0.684228,7.537654,0,
0.0850056742150725,0.353343,0.288437,90.28373,0,8.568147,0.506347,
0.0865798533672034,0.387508,0.261698,90.18965,0.207455,8.953688,0,
0.0881540325193345,0.032585,0.385165,90.4828,0.093221,9.006227,0,
0.0897282116714656,0.900894,0.473282,90.6086,0,7.826432,0.190788,
0.0913023908235967,0.269497,0.696372,89.56074,0.595236,8.831538,0.046619,
0.0928765699757276,0.441248,0.028063,90.46202,0.243951,8.684855,0.139862,
0.0944507491278586,0.962435,0.017297,90.99337,0.175661,7.775686,0.075549,
0.0960249282799895,0.504902,0.119148,89.95802,0.353397,9.064541,0,
0.0975991074321206,0.150683,0.929278,89.13307,0.003627,9.332757,0.45058,
0.0991732865842515,0.519065,0.598056,90.08372,0.848558,7.950598,0,
0.100747465736382,0.544588,1.091607,90.35154,0.124177,7.633915,0.254174,
0.102321644888513,0.487886,1.210858,91.98123,0.269119,5.991414,0.059488,
0.103895824040644,0.619873,0,90.80632,0.9633,7.392887,0.217623,
0.105470003192775,0.508867,0.81758,89.7334,0.940106,7.829968,0.170082,
0.107044182344906,0.30269,0.308817,90.35554,0.388216,8.184621,0.46012,
0.108618361497037,0.51487,0.506626,91.24655,0.221099,7.493369,0.017488,
0.110192540649168,0.701174,1.012997,90.86472,0.244845,7.176272,0,
0.111766719801299,0.439834,0.456629,89.69834,0.34542,9.059779,0,
0.11334089895343,0.104352,1.001103,89.16544,0.315816,9.047043,0.366249,
0.114915078105561,0.390612,0.290297,90.90308,0,8.416009,0,
0.116489257257692,0.136015,0.462703,91.11836,0,7.845975,0.436942,
0.118063436409823,0.451246,0.540564,88.93827,0.550973,9.518943,0,
0.119637615561954,0.643882,0.715605,89.53583,0.28472,8.730906,0.089063,
0.121211794714085,0.316665,0.668472,90.374,0.991374,7.649489,0,
0.122785973866216,0.446409,0.743297,88.82071,0,9.989588,0,
0.124360153018347,0.533604,0.40297,91.39323,0.464074,7.206114,0,
0.125934332170478,0.396719,0.668479,90.7536,0,8.058094,0.12311,
0.127508511322609,0.790643,0.732448,89.32291,0.11808,9.035913,0,
0.12908269047474,0.579034,0.392702,89.03773,0.667338,8.989648,0.333539,
0.130656869626871,0.385587,1.041762,89.83849,0.728929,8.005238,0,
0.132231048779002,0.340195,0.616563,89.71996,0.525999,8.797279,0,
0.133805227931133,0.580109,0,89.35539,0,9.890929,0.173566,
0.135379407083264,0.87542,0.279336,91.21597,0.290241,7.339041,0,
0.136953586235395,0.464073,0.934837,89.31322,0.228574,9.059289,0,
0.138527765387526,0.589831,0.172309,92.14436,0,7.093494,0,
0.140101944539657,0.73449,0.390571,90.0986,1.117159,7.501287,0.157892,
0.141676123691788,0.799799,0.268773,90.53011,0.393607,7.791176,0.216541,
0.143250302843919,0,0.673117,90.74234,0.615017,7.969528,0,
0.14482448199605,0.727383,0.233581,90.21088,0.46321,8.364951,0,
0.146398661148181,0.6529,0.050328,89.47476,0.345409,9.203642,0.272961,
0.147972840300311,0.612131,0.155424,90.10892,0.304108,8.819407,0,
0.149547019452442,0.483089,0.178727,89.6804,0.583825,8.719685,0.354271,
0.151121198604573,0.470614,0.262023,90.47263,0.420179,8.181698,0.192864,
0.152695377756704,0.186102,0.685973,89.81002,0.620538,8.485381,0.211985,
0.154269556908835,0.70321,0.650157,88.61275,0.722384,9.130821,0.180679,
0.155843736060967,0.809015,0.715878,90.90334,0.013758,7.280537,0.277479,
0.157417915213098,0.558214,0.224301,90.50822,0.745503,7.963765,0,
0.158992094365229,0.472822,0.497627,89.20257,0.728585,9.017434,0.080966,
0.160566273517359,0,0.51343,90.43975,0.255232,8.781358,0.010233,
0.16214045266949,0.581162,0.916649,89.19915,0.69681,8.606231,0,
0.163714631821621,0.705514,0.532597,89.90731,0.19611,8.658473,0,
0.165288810973752,0,1.113881,88.79689,0.918257,9.170972,0,
0.166862990125883,0.909287,0.770207,89.79408,0.079645,7.998518,0.448268,
0.168437169278014,0.312039,0.875439,90.3518,0.64543,7.413262,0.402028,
0.170011348430145,0.881051,1.045412,90.03683,0.252133,7.73506,0.049519,
0.171585527582276,0.838421,0.956542,90.42528,0,7.77976,0,
0.173159706734407,0.967621,0.811397,89.8733,0.298944,8.042807,0.005934,
0.174733885886538,0.741111,0.55683,89.05157,1.384731,8.167015,0.098734,
0.176308065038669,1.13998,0.257145,88.56457,0.666574,9.050731,0.321,
0.1778822441908,1.153281,0.865241,88.24047,1.369324,8.275517,0.096164,
0.179456423342931,0.72198,1.283087,87.74017,0,10.24694,0.007823,
0.181030602495062,1.087913,0.621379,90.15305,0.263357,7.874299,0,
0.182604781647193,0.126717,0.853294,89.38718,0.433207,9.199602,0,
0.184178960799324,0.697693,0.466694,88.22009,0.413966,10.20156,0,
0.185753139951455,0.273297,0.494671,89.68716,1.087656,8.457223,0,
0.187327319103586,0.804569,1.086534,89.26617,0.128845,8.713886,0,
0.188901498255717,1.091973,0.882668,88.78857,0.950644,8.065592,0.220552,
0.190475677407848,0.683152,1.194277,88.31504,0.946494,8.821028,0.040008,
0.192049856559979,0.245548,0.551061,91.15401,0.641959,7.351468,0.055946,
0.19362403571211,0.595315,0.324523,89.35513,0.777398,8.947636,0,
0.195198214864241,0.581193,0.725495,89.64318,0.424753,8.476748,0.148628,
0.196772394016372,0.727959,0.799676,87.6243,0.918392,9.634306,0.295372,
0.198346573168503,0.851998,0.921369,89.13635,0.570937,8.469322,0.050021,
0.199920752320634,1.037208,1.159654,87.56023,1.395311,8.821285,0.026317,
0.201494931472765,0.695559,1.098429,87.61726,1.534109,9.054638,0,
0.203069110624896,0.711259,0.741137,89.82349,0.638834,8.085274,0,
0.204643289777027,1.142674,0.361703,89.33633,0.224568,8.411714,0.523007,
0.206217468929158,0.513593,0.99101,89.99937,0.675468,7.82056,0,
0.207791648081289,0.525935,1.079183,90.13152,0.728983,7.517283,0.017098,
0.209365827233419,0.521501,0.633353,88.84538,0.908597,8.906266,0.184897,
0.210940006385551,0,0.817897,91.92944,0,7.076001,0.176666,
0.212514185537682,0.590891,0,90.37093,0.00143,9.000228,0.036522,
0.214088364689813,0.873097,0.51806,90.07484,0.807484,7.557606,0.168914,
0.215662543841944,0.711386,0.955203,88.65303,0.501606,9.178778,0,
0.217236722994075,0.500063,1.214011,90.11416,0.486184,7.685583,0,
0.218810902146206,0.509595,1.364703,89.02025,1.346322,7.574942,0.18419,
0.220385081298337,0.498374,0.64763,88.72291,0.979443,9.151644,0,
0.221959260450467,0.769234,0.601048,89.56445,0.84843,8.21684,0,
0.223533439602598,0.739405,1.454755,89.03613,0.627536,8.079175,0.063005,
0.225107618754729,0.321572,0.820253,90.25,1.067767,7.403882,0.136529,
0.22668179790686,0.603024,0.776461,87.60545,1.411655,9.494485,0.108928,
0.228255977058991,0.533542,1.072961,89.58577,0.803215,8.004514,0,
0.229830156211122,0.897745,0.839479,88.79944,0.956466,8.190674,0.316196,
0.231404335363253,0.751518,1.001039,90.26294,1.19046,6.794042,0,
0.232978514515384,0.847822,1.127034,87.84035,0.63074,9.057137,0.496907,
0.234552693667515,0.741775,1.284451,89.01493,0.829824,8.129017,0,
0.236126872819646,0.773228,1.242389,89.32313,0.525314,8.128754,0.007189,
0.237701051971777,0.665265,0.771269,89.17087,0.20212,9.190481,0,
0.239275231123908,1.113304,0.64734,88.4842,1.230285,8.409847,0.115027,
0.240849410276039,0.95914,0.82054,88.02339,0.853733,9.312925,0.030272,
0.24242358942817,0.867297,1.023348,88.85217,0.9863,8.270894,0,
0.243997768580301,0.397351,0.936765,88.78525,1.463887,8.416753,0,
0.245571947732432,0.439521,1.416478,89.6879,0.499911,7.530992,0.425197,
0.247146126884563,0.728218,1.206855,89.17284,0.608157,7.793612,0.490314,
0.248720306036694,0.353049,1.443653,90.10921,1.329307,6.764781,0,
0.250294485188825,1.183982,1.120487,88.28661,0.626205,8.320578,0.46214,
0.251868664340956,1.255657,1.136361,87.99658,0.602103,8.896003,0.113298,
0.253442843493087,0.212451,1.880061,89.09048,1.190463,7.489559,0.136988,
0.255017022645218,0.8226,1.039392,87.10911,1.588173,9.440728,0,
0.256591201797349,0.637783,1.290993,88.41988,0.167173,9.369876,0.114297,
0.25816538094948,0.678522,0.489954,87.82487,1.206079,9.314932,0.485647,
0.259739560101611,0.883911,0.49087,88.95925,0.742857,8.695029,0.228084,
0.261313739253742,1.200961,0.500436,88.83937,0.275495,9.183738,0,
0.262887918405873,0.271957,1.546562,87.07096,1.071605,10.01887,0.020046,
0.264462097558004,1.389196,1.301036,88.62703,0.748457,7.934278,0,
0.266036276710135,0.74546,0.650285,90.62555,0.482263,7.232719,0.263721,
0.267610455862266,0.920815,0.215621,89.17286,1.032293,8.658415,0,
0.269184635014396,0.401614,1.670207,87.27254,1.070353,9.45069,0.134599,
0.270758814166527,0.596501,1.615298,87.8243,1.340497,8.263186,0.360224,
0.272332993318658,0.930439,1.133155,87.75059,1.581385,8.604436,0,
0.27390717247079,1.052836,1.446158,87.37779,1.694137,8.204121,0.224953,
0.275481351622921,0.623776,1.274839,88.80618,1.269691,7.998082,0.027427,
0.277055530775052,1.171568,1.007398,88.98518,0.998439,7.837414,0,
0.278629709927183,0.390885,0.99373,89.7896,0.965136,7.688856,0.171793,
0.280203889079313,0.963727,1.165718,86.74158,1.059924,9.669766,0.399287,
0.281778068231445,0.49328,1.317924,87.66934,2.224664,8.294793,0,
0.283352247383576,0.789696,0.837342,89.50227,1.082096,7.519158,0.269432,
0.284926426535706,0.559577,0.988699,88.3516,0.798317,9.056544,0.245261,
0.286500605687837,1.080521,0.267966,89.4511,1.213985,7.986426,0,
0.288074784839968,0.703057,1.063088,88.49432,0.769517,8.655951,0.314067,
0.289648963992099,0.858502,0.726227,88.7308,1.411155,8.036995,0.236318,
0.29122314314423,0.668501,0.901576,87.62411,1.86612,8.939697,0,
0.292797322296361,0.951409,1.098213,87.94746,1.511311,8.431815,0.059785,
0.294371501448492,0.67638,1.328126,88.70203,1.93829,7.355171,0,
0.295945680600623,1.06679,1.518208,89.60669,0.788925,6.844933,0.174456,
0.297519859752754,0.917362,1.367168,87.05385,1.631714,8.75184,0.278068,
0.299094038904885,1.424292,1.367605,86.24782,1.378646,9.193481,0.38816,
0.300668218057016,1.002538,0.733425,89.24098,1.480467,7.542591,0,
0.302242397209147,1.145471,1.410411,87.44901,1.404196,8.561771,0.029141,
0.303816576361278,0.867365,1.273786,86.73439,1.49431,9.630152,0,
0.305390755513409,1.11492,1.237245,86.31155,1.729883,9.233716,0.37268,
0.30696493466554,0.705757,1.049853,88.44028,1.478402,8.325714,0,
0.308539113817671,0.894251,1.359959,86.48454,2.404471,8.856778,0,
0.310113292969802,1.226364,0.933021,86.39088,1.91199,9.150099,0.387647,
0.311687472121933,0.711689,0.957727,88.7064,1.003628,8.620562,0,
0.313261651274064,0.74598,1.538226,84.70576,2.123135,10.52493,0.361967,
0.314835830426195,0.889791,1.120097,85.65694,2.301402,10.03177,0,
0.316410009578326,0.297705,1.214258,88.03856,2.271837,8.17764,0,
0.317984188730457,1.068455,1.604805,84.73757,1.30461,11.11569,0.168868,
0.319558367882588,1.005572,1.365825,86.85999,2.752805,7.923623,0.092181,
0.321132547034719,1.275075,1.518583,87.39993,1.217656,8.588759,0,
0.32270672618685,0.777783,1.910428,87.26642,1.8045,8.105997,0.134872,
0.324280905338981,0.668722,1.673951,88.78629,1.784591,7.086445,0,
0.325855084491112,1.201692,1.568661,85.25089,2.193906,9.711767,0.07309,
0.327429263643243,1.717734,1.177455,86.18787,2.348127,8.463305,0.105508,
0.329003442795374,0.897687,1.32672,86.68473,1.727974,9.321531,0.041353,
0.330577621947505,1.207224,1.470288,86.9184,1.699501,8.70458,0,
0.332151801099636,1.326939,1.710978,85.67523,0.97798,10.11548,0.193396,
0.333725980251767,1.001682,1.095631,87.00738,2.133681,8.76163,0,
0.335300159403898,1.566871,1.790592,82.87656,3.494532,10.27144,0,
0.336874338556029,0.696032,2.074588,86.22424,2.273801,8.731337,0,
0.33844851770816,1.148939,1.409334,85.76119,2.045883,9.090722,0.543933,
0.340022696860291,1.404771,1.037341,85.46961,2.131819,9.561139,0.395321,
0.341596876012421,1.076689,1.577444,86.24418,1.355018,9.506333,0.240335,
0.343171055164553,0.476517,1.37627,84.89035,2.289976,10.96689,0,
0.344745234316683,0.61603,1.689145,85.80566,1.980673,9.908484,0,
0.346319413468814,0.779855,1.73217,86.52546,1.758641,8.991198,0.212675,
0.347893592620945,1.131499,1.809601,85.20136,1.587213,10.19202,0.078298,
0.349467771773076,1.041536,1.392678,85.74906,1.551633,10.06962,0.19547,
0.351041950925207,0.425958,2.502565,87.4842,1.350242,7.86156,0.375474,
0.352616130077338,1.426618,2.016145,84.73213,2.223803,9.6013,0,
0.354190309229469,1.067342,1.798229,85.1691,3.216646,8.417114,0.33157,
0.3557644883816,0.717047,2.070508,84.38409,2.61041,9.995921,0.222025,
0.357338667533731,1.247152,1.864736,84.16918,2.577138,10.00532,0.136471,
0.358912846685862,1.16336,1.693554,84.68098,2.222582,10.18603,0.053487,
0.360487025837993,0.397913,2.309173,86.54211,1.981238,8.769568,0,
0.362061204990124,1.047937,1.560035,85.38874,3.125698,8.711656,0.165935,
0.363635384142255,0.911847,1.887607,85.61588,2.749913,8.660196,0.174558,
0.365209563294386,1.231905,2.453742,85.75565,1.65419,8.692776,0.211736,
0.366783742446517,0.776181,1.085449,85.09978,2.296227,10.55337,0.188995,
0.368357921598648,1.631834,1.70504,84.61937,2.625905,9.015551,0.402298,
0.369932100750779,1.218522,1.955577,85.82947,2.314393,8.682039,0,
0.37150627990291,0.641025,2.283305,86.06693,1.82767,9.181066,0,
0.373080459055041,0.857005,2.010278,86.20872,2.775539,8.040529,0.107928,
0.374654638207172,1.039632,1.803729,86.29678,2.699855,8.16001,0,
0.376228817359303,1.87683,1.660226,85.92444,2.62679,7.530088,0.381631,
0.377802996511434,1.159271,2.122259,86.02171,1.799417,8.611914,0.285426,
0.379377175663565,1.707167,1.771739,82.61832,4.314976,9.491957,0.095846,
0.380951354815696,1.961014,1.352356,84.8008,2.91046,8.975368,0,
0.382525533967827,1.084743,2.088142,85.13261,2.454925,9.239577,0,
0.384099713119958,1.564945,2.471384,83.33228,2.391082,10.24031,0,
0.385673892272089,1.760423,2.032845,85.83445,2.670142,7.70214,0,
0.38724807142422,1.058955,2.390044,84.5519,3.077517,8.921577,0,
0.388822250576351,1.398194,2.36048,83.97038,3.375318,8.647487,0.248138,
0.390396429728482,0.8193,2.155716,85.91982,3.121019,7.969202,0.014947,
0.391970608880612,1.279238,2.13769,84.28754,2.982007,9.313519,0,
0.393544788032743,1.246235,2.689919,84.25594,3.075775,8.732134,0,
0.395118967184874,1.55285,1.400904,84.40084,3.67944,8.636543,0.329426,
0.396693146337005,1.420999,2.596557,84.97369,3.135732,7.873019,0,
0.398267325489136,1.162685,2.253679,82.13913,3.911804,10.32974,0.202961,
0.399841504641267,1.39037,2.150135,84.12341,2.99672,9.240389,0.098981,
0.401415683793398,1.455794,2.546954,82.58562,3.166334,10.05307,0.192234,
0.402989862945529,0.82907,1.906393,84.15871,3.318785,9.787047,0,
0.40456404209766,1.464801,2.172285,84.54555,3.089751,8.727617,0,
0.406138221249791,1.626375,1.834467,82.39487,3.873025,10.02105,0.250213,
0.407712400401922,0.978227,2.747489,83.76164,4.39499,8.117654,0,
0.409286579554053,1.511816,2.600781,83.85714,3.234758,8.614752,0.180754,
0.410860758706184,1.330472,1.157608,86.07327,3.32315,8.115506,0,
0.412434937858315,1.813563,2.142766,84.15729,5.147795,6.625809,0.11278,
0.414009117010446,1.304516,2.460746,83.90855,4.315421,8.010769,0,
0.415583296162577,1.127717,2.729165,85.92665,2.668561,7.514227,0.033676,
0.417157475314708,1.334001,2.75193,81.70069,4.268472,9.561725,0.383179,
0.418731654466839,1.526666,1.655891,80.57134,5.113309,10.5547,0.578093,
0.42030583361897,1.574248,1.901807,82.53388,3.542156,9.904993,0.542914,
0.421880012771101,0.770467,2.104902,83.66619,3.898034,9.560408,0,
0.423454191923232,1.159431,2.276097,84.51336,3.616042,8.374533,0.060537,
0.425028371075363,2.133953,1.736353,82.73245,3.562619,9.793883,0.040737,
0.426602550227494,1.580152,2.707799,83.23732,3.941786,8.532947,0,
0.428176729379625,1.900127,2.184131,84.41791,4.858101,6.566954,0.072782,
0.429750908531756,1.485317,2.508848,82.12201,4.228867,9.5735,0.081459,
0.431325087683887,1.68162,2.588335,84.34718,3.154222,7.915986,0.312656,
0.432899266836018,1.444756,2.232492,83.08421,4.023399,9.21514,0,
0.434473445988149,1.554396,3.437179,82.56495,3.987162,8.456312,0,
0.43604762514028,0.938161,2.949111,81.3485,4.697936,10.0663,0,
0.437621804292411,1.287532,2.0081,83.13793,5.549892,8.016543,0,
0.439195983444542,1.447467,1.966617,82.19765,4.289248,9.958495,0.140524,
0.440770162596673,1.121226,2.544285,81.17771,4.474314,10.26359,0.41888,
0.442344341748804,2.254081,2.908297,80.76277,4.687751,8.997908,0.389189,
0.443918520900935,1.789662,2.4461,79.43626,4.912507,10.73615,0.679324,
0.445492700053066,1.795995,2.643463,83.27171,4.677049,7.50626,0.105518,
0.447066879205197,2.717948,2.745946,80.20661,4.806859,9.522638,0,
0.448641058357328,1.237797,3.111487,79.54496,5.825387,10.27876,0.00161,
0.450215237509459,1.974602,3.177372,80.65598,4.812343,9.22037,0.159339,
0.45178941666159,1.601307,3.748971,78.67163,6.458886,9.519208,0,
0.453363595813721,1.792564,2.874135,80.63902,5.386081,9.308202,0,
0.454937774965852,0.829796,3.26833,79.85877,5.247253,10.79585,0,
0.456511954117983,1.58299,3.558763,79.87015,4.592209,10.09769,0.298199,
0.458086133270114,1.118207,4.21744,77.29113,5.969915,11.13425,0.269058,
0.459660312422245,2.018731,2.65443,80.55582,5.30483,9.015245,0.450938,
0.461234491574376,2.209964,3.082338,81.13699,4.915819,8.654891,0,
0.462808670726507,2.10072,3.758862,79.58168,5.457345,8.912883,0.18851,
0.464382849878638,1.30474,3.462974,81.46563,4.604918,9.135198,0.02654,
0.465957029030769,1.74016,3.310223,77.82516,7.782271,9.16306,0.17913,
0.4675312081829,1.678314,3.38974,80.75401,5.273764,8.843823,0.060344,
0.46910538733503,2.063027,3.452783,77.93015,6.962169,9.574505,0.017363,
0.470679566487161,2.166218,4.525901,78.53507,4.468845,10.23676,0.067205,
0.472253745639292,2.412438,3.075967,78.19324,6.893816,8.901119,0.523425,
0.473827924791423,1.780478,3.147599,79.7085,5.354166,9.566455,0.442798,
0.475402103943554,1.694476,3.359775,80.36858,4.969627,9.607541,0,
0.476976283095685,2.047424,4.042099,76.68662,7.531405,9.476448,0.216,
0.478550462247816,2.162525,2.926382,77.87012,6.576182,10.46479,0,
0.480124641399947,1.488977,4.136075,77.13722,6.721796,10.11339,0.402537,
0.481698820552078,1.528886,3.225879,78.51637,5.97786,10.65097,0.100039,
0.483272999704209,1.570517,3.871479,80.40027,6.182699,7.975036,0,
0.48484717885634,2.086242,3.099032,76.0538,8.217071,10.19346,0.35039,
0.486421358008471,1.258321,4.292278,76.68454,7.770099,9.994761,0,
0.487995537160602,1.741356,3.990144,79.44594,6.472723,8.349838,0,
0.489569716312733,2.357188,3.143698,76.0745,7.333327,11.04655,0.044739,
0.491143895464864,2.531435,3.793598,76.74969,6.99172,9.933561,0,
0.492718074616995,1.781889,4.10192,79.39047,7.526734,7.198982,0,
0.494292253769126,2.020409,3.046496,77.80103,8.282547,8.849511,0,
0.495866432921257,3.279547,3.543353,75.72947,9.184684,8.262946,0,
0.497440612073388,2.699087,2.973868,77.64102,6.561993,10.00555,0.118476,
0.499014791225519,2.265075,3.287873,75.31149,8.757976,10.24944,0.12814,
0.50058897037765,1.874687,4.092997,74.25559,8.837934,10.43642,0.502376,
0.502163149529781,2.580194,3.714661,74.48632,8.345486,10.56004,0.313295,
0.503737328681912,1.720336,4.316768,75.99831,8.201952,9.576406,0.186234,
0.505311507834043,1.813446,5.170297,74.97857,8.838821,8.959302,0.239566,
0.506885686986174,1.763129,3.698867,74.89474,9.021443,10.27545,0.346368,
0.508459866138305,2.454767,5.055328,74.21182,9.457172,8.820909,0,
0.510034045290436,1.887518,4.430511,74.37033,9.17156,10.14008,0,
0.511608224442566,2.007626,4.630772,74.39343,7.779829,11.18834,0,
0.513182403594698,2.115593,5.085326,74.9472,9.524915,8.199281,0.127692,
0.514756582746828,2.874443,4.802611,72.73395,9.572402,10.0166,0,
0.516330761898959,2.375525,3.85588,76.2676,8.819996,8.680999,0,
0.517904941051091,2.480993,5.193474,72.0446,8.875892,11.00552,0.399524,
0.519479120203221,2.541358,4.273244,73.9944,8.521868,10.66913,0,
0.521053299355352,3.226071,4.775434,69.94967,11.34176,10.70707,0,
0.522627478507484,1.968139,4.630388,72.76228,10.71129,9.927904,0,
0.524201657659615,2.775802,4.435912,73.16305,10.30394,9.225301,0.095996,
0.525775836811746,2.815262,4.225252,73.23777,10.10773,9.275547,0.33844,
0.527350015963877,2.976916,4.73811,71.27051,10.96981,9.74258,0.302079,
0.528924195116007,2.880897,5.175893,71.77744,9.614839,10.09362,0.457311,
0.530498374268138,3.395342,4.328665,75.02061,9.412208,7.843176,0,
0.532072553420269,2.127381,5.04586,74.10211,10.18882,8.535828,0,
0.5336467325724,2.063757,6.19546,70.54614,12.18916,8.94369,0.06179,
0.535220911724531,3.203174,6.704691,68.07377,12.01397,10.00439,0,
0.536795090876662,2.787075,5.974195,70.36527,11.73224,8.921763,0.219453,
0.538369270028793,3.218585,5.522629,71.1862,13.11125,6.723637,0.2377,
0.539943449180924,3.686883,5.265064,71.60709,11.64491,7.369876,0.426184,
0.541517628333055,4.275014,6.0651,72.96744,10.22503,6.219376,0.248043,
0.543091807485186,3.466658,5.968137,69.62685,13.69249,7.245875,0,
0.544665986637317,3.096359,5.716267,69.91311,13.86286,7.1575,0.253908,
0.546240165789448,4.213841,5.356401,70.37669,12.64837,6.85019,0.554503,
0.547814344941579,3.003281,6.106369,69.3876,13.20443,8.298329,0,
0.54938852409371,2.63732,5.300255,72.99728,13.16849,5.896653,0,
0.550962703245841,2.988663,5.941422,70.896,13.70828,5.969142,0.496486,
0.552536882397972,2.939665,5.750209,71.8588,14.43339,5.017949,0,
0.554111061550103,3.488186,5.502058,68.68238,15.07183,7.184077,0.071471,
0.555685240702234,3.279758,5.915593,72.57005,11.77513,6.459477,0,
0.557259419854365,2.99653,4.819068,73.28143,13.12182,5.590499,0.190652,
0.558833599006496,2.767882,6.894363,72.10901,13.56531,4.540796,0.122637,
0.560407778158627,3.146258,5.454095,70.74963,14.98637,5.422082,0.241561,
0.561981957310758,2.972524,5.418576,70.66486,14.09627,6.80405,0.04373,
0.563556136462889,3.264303,6.814587,69.31544,14.84808,5.757581,0,
0.56513031561502,2.881312,6.259714,71.28045,13.10672,6.471803,0,
0.566704494767151,3.062953,6.144435,70.03489,14.24897,6.508756,0,
0.568278673919282,3.66184,6.506837,69.3652,13.44561,6.638969,0.381537,
0.569852853071413,2.879746,6.758294,69.03371,13.83833,7.489927,0,
0.571427032223544,3.559497,5.719028,66.30764,15.76481,8.51948,0.129542,
0.573001211375675,3.972727,4.839851,68.7262,14.74303,7.718189,0,
0.574575390527806,3.76723,6.756724,67.86722,14.84275,6.766082,0,
0.576149569679937,3.706975,6.359515,68.05285,15.68454,6.134025,0.062094,
0.577723748832068,2.972263,7.36983,67.08344,15.27524,7.29922,0,
0.579297927984199,4.930409,6.272459,64.8881,16.19381,7.497289,0.217933,
0.58087210713633,3.658912,5.395256,64.34857,18.43958,7.920202,0.237483,
0.582446286288461,4.290438,7.26633,66.12882,16.43601,5.788488,0.089913,
0.584020465440591,3.357901,6.912617,63.78537,19.68894,6.100488,0.154684,
0.585594644592723,4.449013,6.816327,65.42476,15.19301,7.73353,0.383363,
0.587168823744853,3.26285,5.9641,64.39559,17.96046,8.416996,0,
0.588743002896985,3.796964,7.46377,63.7801,16.36514,8.195779,0.398249,
0.590317182049116,4.414016,6.837859,62.80831,16.01949,9.381355,0.538976,
0.591891361201246,3.465048,6.18099,63.35007,17.84875,9.144608,0.010535,
0.593465540353377,4.032944,6.403883,62.72738,16.23923,10.53098,0.065587,
0.595039719505508,3.736597,5.478609,63.63932,17.56012,9.509027,0.076324,
0.596613898657639,3.837021,6.297238,62.05527,19.48372,8.259849,0.066897,
0.59818807780977,4.00053,7.014872,61.92756,15.94666,10.68433,0.426055,
0.599762256961901,4.632859,6.755109,61.60123,15.44727,11.16678,0.396744,
0.601336436114032,4.058093,6.18272,60.38292,18.19897,11.17056,0.006746,
0.602910615266163,4.566416,6.055695,59.56387,18.17081,11.64321,0,
0.604484794418294,5.550406,6.679039,59.82926,17.61068,10.29436,0.036255,
0.606058973570425,3.540819,6.484153,61.80806,16.99359,11.17339,0,
0.607633152722556,4.166579,6.729059,56.41078,21.12759,11.52695,0.039044,
0.609207331874687,4.066463,7.630772,57.753,18.39268,12.15708,0,
0.610781511026818,4.038351,6.700156,56.36868,21.34695,11.3183,0.227564,
0.612355690178949,3.660047,7.042544,58.09075,18.04332,13.07545,0.087896,
0.61392986933108,3.929682,6.981433,57.29442,15.94358,15.37681,0.474068,
0.615504048483211,4.398936,6.266678,56.76117,20.78321,11.74672,0.043286,
0.617078227635342,4.657505,7.188483,57.92865,17.93433,12.29102,0,
0.618652406787473,3.268981,7.714249,58.84296,18.95506,11.21875,0,
0.620226585939604,3.494883,7.370995,59.63946,17.58333,11.87452,0.036811,
0.621800765091735,3.651696,6.520071,57.98454,17.97436,13.15022,0.719108,
0.623374944243866,3.973556,6.8224,55.94558,18.79963,14.30329,0.155546,
0.624949123395997,3.844977,6.553094,54.24219,19.19152,15.51429,0.653933,
0.626523302548128,3.1954,7.240126,57.25988,17.40777,14.89683,0,
0.628097481700259,3.65996,6.911535,56.39111,18.16443,14.87297,0,
0.62967166085239,4.523566,6.244385,54.58045,18.49134,16.06099,0.099265,
0.631245840004521,4.421576,6.46745,55.81322,18.55633,14.31732,0.424105,
0.632820019156652,3.947313,7.01502,56.16906,18.25435,14.39212,0.222133,
0.634394198308783,3.800355,7.302121,54.07748,17.50819,17.31185,0,
0.635968377460914,3.356599,6.8935,55.23153,16.84716,17.57233,0.098883,
0.637542556613044,3.427709,6.198594,55.47833,20.08569,14.54602,0.263661,
0.639116735765176,5.023482,6.36345,54.44892,15.71195,17.8962,0.556001,
0.640690914917306,4.121138,7.300416,51.47672,19.23336,17.75971,0.108657,
0.642265094069438,3.975946,6.137194,56.21968,20.41294,12.96657,0.287669,
0.643839273221569,5.257836,6.426105,55.16818,17.77551,15.16665,0.205723,
0.6454134523737,4.56288,5.291909,57.69543,17.10895,14.90962,0.431213,
0.646987631525831,5.178195,5.024625,52.79135,20.17785,16.82797,0,
0.648561810677961,4.045467,6.728531,54.84694,16.82621,16.86772,0.685134,
0.650135989830093,5.398072,5.859675,55.00885,18.44729,15.28611,0,
0.651710168982224,5.1785,7.274408,56.31638,18.03122,13.19949,0,
0.653284348134354,4.041974,7.047017,54.77567,19.02588,14.47453,0.634924,
0.654858527286485,4.726439,7.63021,56.10564,19.16669,12.17794,0.193076,
0.656432706438616,4.741587,5.857584,54.92633,20.20943,14.26507,0,
0.658006885590747,3.137865,6.961494,59.44539,17.81558,12.43483,0.204847,
0.659581064742878,4.585305,6.40887,55.11167,19.05306,14.11758,0.723512,
0.661155243895009,4.49856,6.613934,55.55399,18.84384,14.30437,0.185306,
0.66272942304714,5.25243,7.990705,54.77971,16.92442,14.8959,0.156839,
0.664303602199271,5.208531,6.717549,56.77203,16.52126,14.53855,0.242086,
0.665877781351402,6.396191,6.429562,57.73613,15.66227,13.33651,0.439337,
0.667451960503533,4.70785,7.297755,55.89526,18.10965,13.59299,0.396493,
0.669026139655664,5.21173,8.249849,55.78157,16.5473,14.20955,0,
0.670600318807795,6.068683,6.30546,56.60799,17.54608,13.16301,0.308774,
0.672174497959926,6.250679,5.94431,57.7797,16.64095,13.27201,0.112346,
0.673748677112057,4.665849,6.927747,56.09169,16.48229,15.51939,0.313039,
0.675322856264188,4.495879,7.388194,56.22566,17.26691,14.62336,0,
0.676897035416319,5.221516,7.616899,55.28988,18.2626,13.39838,0.210722,
0.67847121456845,5.934906,5.44907,56.48384,20.14773,11.98445,0,
0.680045393720581,4.589909,6.528854,58.49694,16.17304,14.133,0.078259,
0.681619572872712,4.226151,6.230763,55.47578,18.91937,15.14793,0,
0.683193752024843,4.985449,6.340033,56.44785,18.77843,13.08815,0.360084,
0.684767931176974,4.306735,6.091469,59.74806,18.68102,11.09675,0.075956,
0.686342110329105,5.587257,7.243477,56.67589,19.54385,10.94953,0,
0.687916289481236,4.203609,6.32723,55.96357,16.90066,16.24849,0.356438,
0.689490468633367,4.97854,6.277216,55.25692,19.73379,13.51201,0.241525,
0.691064647785498,4.108967,5.681869,59.02752,19.74178,11.22607,0.213797,
0.692638826937629,4.586563,5.955839,58.72864,18.2553,12.34377,0.129887,
0.69421300608976,5.156519,5.263108,59.84716,18.95468,10.7597,0.018838,
0.695787185241891,5.160769,6.031039,55.38641,19.31761,13.66017,0.44401,
0.697361364394022,3.668139,6.263052,56.92504,18.99564,14.01411,0.134021,
0.698935543546153,4.128929,7.135341,56.01799,18.85819,12.98025,0.8793,
0.700509722698284,5.143251,6.280066,55.74303,17.69622,15.03721,0.100227,
0.702083901850415,3.51186,5.880781,62.23083,17.09445,11.28208,0,
0.703658081002546,4.406583,6.011222,58.96342,19.10813,10.84934,0.661304,
0.705232260154677,4.405229,5.088227,60.12828,18.21552,12.16274,0,
0.706806439306808,3.666064,6.786312,58.94772,21.00053,9.441058,0.158316,
0.708380618458939,5.712703,6.268147,56.97275,18.35825,12.68815,0,
0.709954797611069,5.015662,6.338132,59.12736,18.73963,10.77921,0,
0.711528976763201,3.696737,6.352723,57.27767,19.68322,12.82421,0.165446,
0.713103155915331,4.561174,5.53708,59.67716,19.16007,11.06452,0,
0.714677335067462,5.623685,5.4551,57.60432,20.39827,10.63245,0.286183,
0.716251514219593,4.590049,6.400595,60.80519,16.00978,11.98378,0.210608,
0.717825693371724,4.670238,4.697936,59.51891,17.4984,13.39034,0.224178,
0.719399872523855,3.60208,5.620074,58.87599,19.89039,11.76559,0.245872,
0.720974051675986,3.903845,5.08657,60.88418,20.06075,9.635667,0.428992,
0.722548230828117,4.996141,6.159,60.52474,17.85462,10.4655,0,
0.724122409980248,4.601299,4.508383,58.87576,19.64097,12.31573,0.057856,
0.725696589132379,4.739251,4.473927,62.03465,16.76813,11.98404,0,
0.72727076828451,4.805263,4.970119,60.61554,18.53185,10.55221,0.525015,
0.728844947436641,4.426983,5.816749,61.18309,15.98698,12.58619,0,
0.730419126588772,4.347577,5.414982,60.30159,21.66263,8.228999,0.044221,
0.731993305740903,4.118324,5.710972,59.31554,19.17031,11.58046,0.104398,
0.733567484893034,5.036572,4.813848,60.35248,19.47493,10.32217,0,
0.735141664045165,4.217571,4.671056,60.44292,18.24895,12.2751,0.144403,
0.736715843197296,4.632523,4.809666,62.24514,18.07417,10.19951,0.038986,
0.738290022349427,3.904876,5.494684,65.20195,17.04664,8.155965,0.195886,
0.739864201501558,4.186776,5.262374,60.24789,19.79177,10.22448,0.28671,
0.741438380653689,5.114302,4.056754,64.70364,17.21391,8.805743,0.105648,
0.74301255980582,5.82234,4.635947,62.81686,17.28612,9.43874,0,
0.744586738957951,4.347766,2.186563,64.59406,17.91161,10.91983,0.040171,
0.746160918110082,3.760684,4.18668,65.10513,16.27961,10.63445,0.033446,
0.747735097262213,3.873184,4.187502,66.6554,15.33382,9.950099,0,
0.749309276414344,3.910954,2.235002,69.60387,15.86182,8.388345,0,
0.750883455566475,3.099322,3.670652,70.2051,14.78852,7.57977,0.656638,
0.752457634718606,3.612858,3.28423,64.75082,17.88347,9.781443,0.687179,
0.754031813870737,2.452286,3.179367,67.4761,17.53633,8.782022,0.573884,
0.755605993022868,2.41952,2.366651,73.063,15.55578,6.59505,0,
0.757180172174999,2.861233,2.981688,72.31847,13.37819,8.099677,0.360751,
0.75875435132713,2.702356,3.307667,72.69275,14.37644,6.920789,0,
0.76032853047926,3.157633,2.368871,73.85395,15.26864,5.179706,0.171205,
0.761902709631391,2.327446,2.073295,76.24689,15.06574,4.286619,0,
0.763476888783522,1.422689,1.545757,76.80767,15.07856,4.620371,0.524945,
0.765051067935653,2.164145,1.666763,78.26919,13.49073,4.226178,0.18299,
0.766625247087784,2.260262,1.384464,83.19055,10.54806,2.168999,0.447662,
0.768199426239915,2.001474,1.360665,84.38109,9.356059,2.900716,0,
0.769773605392046,1.389603,2.07896,83.8477,10.99329,1.504735,0.185703,
0.771347784544177,0.67354,1.516703,81.73375,12.23855,3.645408,0.19205,
0.772921963696308,1.779084,1.279252,78.83334,15.61246,2.281789,0.21407,
0.774496142848439,1.726588,1.575103,79.29484,12.67329,3.942414,0.787771,
0.77607032200057,2.163716,1.867376,82.33284,11.24644,1.438414,0.951219,
0.777644501152701,1.659976,0.777368,81.98492,13.99732,1.580411,0,
0.779218680304832,1.885718,1.218482,85.64733,10.02937,0.884387,0.33471,
0.780792859456963,1.815346,0.912889,82.72929,11.33973,2.869405,0.333343,
0.782367038609094,2.199717,1.044382,80.8686,12.64215,2.768354,0.476805,
0.783941217761225,2.533554,0.986894,83.33266,10.88824,1.92044,0.338216,
0.785515396913356,1.659099,1.587973,85.42436,10.68817,0.313279,0.327123,
