Distance (µm),C At%,Si At%,O At%,F At%,K At%,Na At%,Ti At%,Fe At%,B At%,
0,18.90402,79.78915,0.855058,0,0,0,0.274871,0.176895,0,
0.00383406325160803,17.94318,81.64159,0.415231,0,0,0,0,0,0,
0.00766812650321625,14.13229,85.2493,0.248305,0,0,0.276601,0,0.0935,0,
0.0115021897548243,17.44569,81.11156,0.743703,0.074883,0.014433,0,0.609726,0,0,
0.0153362530064323,23.02945,76.47624,0.069432,0.110394,0.053386,0.152258,0.108838,0,0,
0.0191703162580403,20.21396,79.77337,0,0,0,0,0.012677,0,0,
0.0230043795096485,21.48646,77.8773,0,0.568839,0,0.067405,0,0,0,
0.0268384427612566,18.88942,80.11121,0.727512,0.246472,0,0,0,0.025393,0,
0.0306725060128646,16.96642,81.59568,0.404513,0,0.058334,0.144094,0.480883,0.350081,0,
0.0345065692644728,16.30209,80.82934,1.302704,0.214522,0,0.342563,0,0.209053,0.799737,
0.0383406325160809,15.52157,82.09954,0,0,0.422164,0.079887,0,0,1.876839,
0.0421746957676889,16.37573,81.98803,1.140009,0.025984,0.152171,0.223004,0,0.095076,0,
0.0460087590192969,20.89626,77.92374,0.073361,0.422242,0.497533,0.186872,0,0,0,
0.0498428222709051,19.69095,79.27917,0.420352,0.419479,0.19005,0,0,0,0,
0.0536768855225131,23.11575,74.90603,1.78973,0,0,0.188491,0,0,0,
0.0575109487741212,18.07745,80.13174,0.779499,0.097937,0.525898,0.337021,0,0.050457,0,
0.0613450120257294,19.00061,79.645,0.936634,0.177907,0,0.239837,0,0,0,
0.0651790752773374,18.99478,79.19077,0.470505,0,0.332994,0.684193,0.228245,0.098512,0,
0.0690131385289454,17.31383,79.2481,0.952771,0.607001,0,0.132989,0.196617,0.101874,1.44682,
0.0728472017805537,21.0948,76.76607,1.113173,0,0,0.664903,0,0.361058,0,
0.0766812650321617,19.07495,79.56844,0.581874,0.774738,0,0,0,0,0,
0.0805153282837697,17.52324,80.7757,0.268982,0.235566,0,0.47949,0,0,0.717016,
0.0843493915353777,16.75991,82.33489,0.182576,0.57033,0,0,0,0.152293,0,
0.088183454786986,19.46018,78.83041,0.636002,0.312882,0,0.200077,0.299219,0.261234,0,
0.092017518038594,19.21776,78.81403,0.571446,0.762584,0,0.634179,0,0,0,
0.0958515812902017,16.84863,81.38669,1.078734,0.045743,0.26111,0.125168,0.253928,0,0,
0.0996856445418099,18.16216,79.82571,0.769138,0,0,0,0,0.080032,1.162953,
0.103519707793418,18.06856,77.86314,0.372286,1.385,0,0,0,0,2.311012,
0.107353771045026,18.93011,80.20846,0.247691,0.079101,0,0.268361,0.167121,0.099161,0,
0.111187834296634,22.29292,76.66284,0,0.153846,0,0.510549,0.060464,0.319379,0,
0.115021897548242,20.02759,79.26541,0.570684,0,0,0,0.057567,0.078744,0,
0.11885596079985,18.93638,79.82428,0,0.41674,0.205017,0.404956,0.148534,0.064094,0,
0.122690024051458,20.76923,78.32643,0.394134,0.094728,0.082306,0,0.178521,0.154649,0,
0.126524087303066,16.73448,81.21283,1.107832,0.632207,0,0,0.163614,0.149036,0,
0.130358150554675,18.20234,79.94304,0.118052,1.559844,0,0.176728,0,0,0,
0.134192213806283,18.17106,79.97385,1.180901,0.347677,0.326507,0,0,0,0,
0.138026277057891,17.31205,81.4752,0.714371,0,0.178844,0.252317,0.067213,0,0,
0.141860340309499,19.75334,79.44342,0,0.477032,0,0,0.184472,0.14174,0,
0.145694403561107,17.15454,80.46329,1.1688,0.510652,0.210567,0,0,0.360098,0.132054,
0.149528466812715,19.12614,80.00546,0.160983,0.433708,0,0.043896,0,0.229805,0,
0.153362530064323,19.37247,79.08818,0.755657,0.400958,0.004684,0.242687,0.135362,0,0,
0.157196593315931,17.89481,80.12346,0.903138,0.277649,0,0.035216,0.129596,0.122018,0.514111,
0.161030656567539,22.60385,75.85623,0.152134,0.786968,0.172392,0.411735,0,0.016689,0,
0.164864719819147,17.65358,78.3551,0.612163,0,0,0,0,0.219765,3.159389,
0.168698783070755,17.36761,81.30874,0.71798,0.16888,0.06358,0,0.004509,0,0.368707,
0.172532846322363,20.85532,77.00906,1.271211,0.258105,0.033192,0.017003,0.205409,0.350699,0,
0.176366909573971,19.23025,78.60533,1.5633,0.134606,0.209977,0,0,0.256539,0,
0.180200972825579,22.55298,75.46543,0.86416,0.352383,0.270935,0,0,0.248921,0.245199,
0.184035036077187,18.26815,79.84509,0.80806,1.078694,0,0,0,0,0,
0.187869099328795,17.31126,81.60243,0.287977,0.323529,0.092333,0,0.057374,0.325097,0,
0.191703162580404,20.44847,77.29317,0.444326,0.401988,0.398526,0.781087,0,0.232431,0,
0.195537225832012,20.24304,79.63724,0.093731,0,0.025998,0,0,0,0,
0.19937128908362,20.85413,77.5237,0,1.144858,0.139636,0.275877,0.061798,0,0,
0.203205352335228,24.14631,74.08833,0,0.30536,0.403057,0.598007,0.012678,0.446258,0,
0.207039415586836,21.03767,77.65662,0.813949,0,0.403464,0,0.016184,0.072108,0,
0.210873478838444,17.77654,80.43911,0.850378,0,0.340443,0.132988,0.210037,0.201364,0.049138,
0.214707542090052,19.43638,77.74406,1.256394,0.094684,0.202033,0.289783,0,0.237511,0.739155,
0.21854160534166,18.0566,79.44855,0.783147,0.700926,0,0,0.230625,0.295431,0.484712,
0.222375668593268,17.70611,81.21329,0,0.516761,0.245456,0,0.073657,0.244728,0,
0.226209731844876,22.85953,74.89659,1.579905,0.371094,0,0,0,0,0.292875,
0.230043795096484,21.63974,74.98042,1.610996,0.468486,0.608272,0.69209,0,0,0,
0.233877858348093,21.01074,76.90201,0.720743,0.398289,0.581096,0,0.044383,0.342736,0,
0.2377119215997,20.9101,75.39081,1.179952,0.692518,0.217415,0,0,0.075779,1.533427,
0.241545984851309,20.52514,78.52514,0.565991,0.301049,0,0,0.014043,0.068634,0,
0.245380048102917,22.44606,75.80924,0.547745,0.584938,0.292455,0.313494,0.006064,0,0,
0.249214111354525,20.2762,77.26097,0.214628,0.676636,0.584743,0.548678,0,0.438137,0,
0.253048174606133,19.68229,78.41227,0,1.124456,0.516692,0.264297,0,0,0,
0.256882237857741,22.23882,75.6946,1.186952,0.364111,0.480177,0.035344,0,0,0,
0.260716301109349,22.69062,73.97495,0.692354,1.640153,0.168632,0.24647,0.586815,0,0,
0.264550364360957,21.13841,75.87124,1.015457,0.515325,0.560853,0.331163,0.521413,0.046137,0,
0.268384427612565,21.79761,77.24834,0,0.744003,0,0.210052,0,0,0,
0.272218490864173,21.50742,75.58298,0.973507,1.093173,0.509235,0.333689,0,0,0,
0.276052554115781,20.285,77.23598,0.854574,0.342032,0.306716,0.305362,0,0.015679,0.654649,
0.279886617367389,22.63942,75.08305,0.882615,0.964254,0.047385,0,0.224996,0.158282,0,
0.283720680618998,21.21662,75.69334,1.556084,0.147615,0.808957,0.162289,0.024617,0.390479,0,
0.287554743870606,21.37514,77.63593,0.270301,0.291747,0,0,0.241702,0.185178,0,
0.291388807122214,16.65432,78.21573,1.36426,0.761796,0.256445,0,0,0,2.747448,
0.295222870373822,21.70474,75.21075,0,1.278008,0.886498,0.274456,0,0.142545,0.503014,
0.29905693362543,23.54296,73.09662,1.127949,1.144411,0.873893,0,0,0.214171,0,
0.302890996877038,19.02487,78.15441,0.398872,0.470731,0.758887,0.17238,0,0,1.019856,
0.306725060128646,20.88301,75.27729,1.082651,0.724617,0.68208,0.605378,0,0.294968,0.450006,
0.310559123380254,20.04272,76.8184,0.984212,1.027592,0.617174,0.131337,0,0.378573,0,
0.314393186631862,20.41711,76.60653,0.899295,1.312715,0,0,0.162176,0.151593,0.450585,
0.31822724988347,18.6455,78.18358,1.28267,0.879237,0.774111,0.219298,0,0.015608,0,
0.322061313135078,24.34231,72.51102,0.989061,0.400304,0.936779,0.053029,0.032678,0,0.734812,
0.325895376386686,23.04121,73.36652,0.705726,1.297992,1.177873,0,0.410678,0,0,
0.329729439638294,26.11605,72.01206,0.675638,0.385442,0.174353,0.086054,0,0.143263,0.40714,
0.333563502889902,22.91412,73.6619,1.069073,1.758032,0.480308,0.051723,0.064839,0,0,
0.33739756614151,19.01438,78.40856,0.593034,0.586193,0.455627,0.369423,0.498748,0.074034,0,
0.341231629393118,23.13477,75.65202,0.232057,0.244198,0.405727,0,0.331232,0,0,
0.345065692644726,22.94426,73.07068,1.448406,0.537086,1.607566,0,0,0.392007,0,
0.348899755896335,22.48154,76.19402,0,0.548586,0.496453,0.260167,0.019237,0,0,
0.352733819147943,19.44001,77.85024,1.353695,0.343339,0.578041,0.062322,0.328616,0.043735,0,
0.356567882399551,22.37124,71.6458,0.498813,1.232075,0.199255,0.075503,0.677496,0.525551,2.774266,
0.360401945651159,24.63717,71.97166,0.521563,2.029026,0.518274,0.109977,0.212323,0,0,
0.364236008902767,21.5726,74.64366,1.143586,0.453599,0.491154,0.460255,0.168659,0.121723,0.944759,
0.368070072154375,23.69079,73.78957,0.707646,0.762949,0.553155,0.495886,0,0,0,
0.371904135405983,20.18484,76.62442,1.214931,1.136762,0.685428,0,0.028232,0.125384,0,
0.375738198657591,25.69184,71.80515,0.628538,1.286484,0.168184,0,0.186148,0.233663,0,
0.379572261909199,20.70947,75.36755,0,0.945199,1.313439,0.015938,0,0,1.648413,
0.383406325160807,19.95669,76.2532,1.602484,0.562253,0.919917,0.214212,0.350263,0.140987,0,
0.387240388412415,25.82036,70.62915,0.927729,0.691307,1.112671,0.152089,0.127994,0.538702,0,
0.391074451664024,24.43501,71.51104,0.809358,1.122491,0.656079,0.613041,0,0,0.852981,
0.394908514915632,24.09866,72.98969,0.379399,0.909382,1.622873,0,0,0,0,
0.39874257816724,22.97921,73.49955,2.187308,0.469349,0.676361,0.127648,0.060577,0,0,
0.402576641418848,26.32451,71.36986,0.682689,0.161699,1.238528,0,0,0.222712,0,
0.406410704670456,22.8955,71.98419,1.100391,0.714979,0.962191,0.00858,0,0.393382,1.940786,
0.410244767922064,20.40977,73.8281,2.049321,2.608671,0.523845,0.580298,0,0,0,
0.414078831173672,25.67648,71.06828,1.690505,0.732234,0.832505,0,0,0,0,
0.41791289442528,20.51984,75.7774,0.99327,1.770566,0.619929,0,0,0.318994,0,
0.421746957676888,24.11325,70.4892,1.843033,0.721716,1.791883,0,0.797352,0.243567,0,
0.425581020928496,21.64499,71.29063,1.940351,1.411981,1.211278,0.808386,0.234901,0.201028,1.256454,
0.429415084180104,25.55289,70.26358,1.758462,0.513302,1.437541,0,0,0.474221,0,
0.433249147431712,24.67354,70.12301,1.416505,1.777044,1.423881,0.229425,0,0.326443,0.030155,
0.43708321068332,23.13937,71.58408,0.428616,2.485407,1.575404,0.786195,0.000925,0,0,
0.440917273934928,25.56476,68.7664,2.161208,2.448456,0.767021,0.272243,0,0.019917,0,
0.444751337186536,25.54872,68.21069,1.341189,1.755233,2.693628,0.049225,0.253955,0.147359,0,
0.448585400438144,27.73818,68.16114,1.666716,0.954274,1.311867,0,0.167818,0,0,
0.452419463689752,23.58036,71.8866,1.812656,1.332687,1.139809,0.204064,0,0.043815,0,
0.456253526941361,26.23885,68.10204,1.542959,0.955712,1.164109,0,0,0,1.99633,
0.460087590192969,22.09605,74.06947,0.922414,1.176518,1.660108,0,0,0.075447,0,
0.463921653444577,25.72842,69.22799,1.819076,1.474644,1.694323,0,0,0.055546,0,
0.467755716696185,22.03343,71.23314,2.492361,1.933148,1.775002,0.293263,0,0.23966,0,
0.471589779947793,25.86756,65.52328,1.501346,2.325018,1.670488,0.01746,0,0.237178,2.857671,
0.475423843199401,24.26312,68.17434,2.070234,1.291838,2.481946,0.261656,0.012345,0,1.444528,
0.479257906451009,31.57351,61.51679,1.901855,2.715027,2.045733,0.097916,0.053984,0.095182,0,
0.483091969702617,29.31119,63.03999,2.616437,2.181535,2.6743,0,0,0.17655,0,
0.486926032954225,28.56337,62.07638,2.435067,1.99513,4.155907,0,0.246452,0.527699,0,
0.490760096205833,29.43756,61.79572,3.045808,2.455283,2.807343,0.281737,0.002105,0.17445,0,
0.494594159457441,27.16779,62.63807,3.177161,2.478571,3.126544,0.442773,0.017611,0.316917,0.634558,
0.49842822270905,28.836,61.35827,2.674217,2.943856,3.131294,0.238892,0,0.817471,0,
0.502262285960658,29.6367,59.66548,3.571261,2.163688,3.45571,0.66186,0.034749,0,0.810556,
0.506096349212266,30.80475,55.31095,3.30465,1.781422,5.038597,0.807981,0,0.343796,2.607858,
0.509930412463874,31.49471,56.16487,3.893402,4.068206,4.105817,0.192787,0,0.080204,0,
0.513764475715482,29.70848,57.82249,2.72094,4.676133,4.496727,0.102599,0.472631,0,0,
0.51759853896709,32.60099,55.9297,3.576912,3.276916,4.382413,0,0.233073,0,0,
0.521432602218698,32.72272,55.20564,3.83467,3.219404,4.749851,0.252003,0.008953,0.006759,0,
0.525266665470306,31.89294,55.37802,3.784008,3.496594,4.855576,0.297647,0,0.295213,0,
0.529100728721914,31.65725,58.02556,2.16887,3.196621,4.372729,0.578975,0,0,0,
0.532934791973522,29.15913,56.76085,4.197871,3.995132,5.11422,0.574314,0,0.198477,0,
0.53676885522513,28.89712,58.21229,3.181164,3.948279,5.566889,0.194254,0,0,0,
0.540602918476738,34.09609,53.72455,4.107668,3.670749,4.082374,0.131681,0,0.186885,0,
0.544436981728347,34.69337,54.50173,1.58128,4.599392,4.624222,0,0,0,0,
0.548271044979955,27.33361,57.81998,4.828509,4.117142,5.86526,0.011719,0.023776,0,0,
0.552105108231563,29.81587,57.41746,3.873503,3.412429,5.384537,0.085749,0,0.010451,0,
0.555939171483171,23.56454,63.12882,2.802735,4.055152,4.880178,0.813585,0.476813,0.278179,0,
0.559773234734779,24.44403,60.93925,2.958596,4.185714,5.285031,0.158283,0,0.229471,1.799629,
0.563607297986387,20.54604,66.27845,2.259326,4.164007,6.071096,0.252712,0.428368,0,0,
0.567441361237995,25.06181,63.98199,1.928967,3.373134,4.511044,0.286523,0,0,0.856527,
0.571275424489603,23.09142,62.7684,4.250392,4.796081,3.589601,0.3856,0.540939,0.577569,0,
0.575109487741211,23.60818,65.46725,3.198598,3.255411,4.070967,0,0.361288,0.038304,0,
0.578943550992819,27.18624,60.28325,3.505903,2.992136,5.168682,0.492799,0.370984,0,0,
0.582777614244427,26.42112,61.96752,2.133765,4.593333,3.741314,0.691634,0.45132,0,0,
0.586611677496035,22.9154,62.91592,3.123016,4.644477,3.852349,0.450645,0.016995,0,2.081193,
0.590445740747643,29.07638,58.81311,4.100791,3.380841,4.016888,0.29089,0,0.321103,0,
0.594279803999251,29.04071,60.2515,2.173402,2.685769,5.172639,0.591624,0.08436,0,0,
0.598113867250859,27.49979,61.80122,2.799417,3.085339,4.327608,0.016719,0,0.469905,0,
0.601947930502468,26.3177,62.34401,3.525724,2.414925,4.726785,0.178671,0,0.492179,0,
0.605781993754076,23.89941,65.17303,2.932868,2.758092,5.236595,0,0,0,0,
0.609616057005683,19.04181,69.80096,3.071055,3.640934,3.893372,0.551868,0,0,0,
0.613450120257292,21.07362,66.42392,3.135352,2.540347,4.142622,0,0.147762,0.621018,1.915362,
0.6172841835089,23.51187,66.9515,1.889227,3.261608,3.953505,0.230731,0.201558,0,0,
0.621118246760508,25.28577,67.15916,3.320288,1.739008,2.495766,0,0,0,0,
0.624952310012116,26.37439,68.18836,1.35668,1.6866,2.342584,0.051381,0,0,0,
0.628786373263724,24.5791,64.21082,1.442278,1.317879,3.24396,1.378842,0,0.251766,3.575361,
0.632620436515332,24.11893,67.37361,2.115373,0.973244,2.88576,0.089808,0,0,2.443276,
0.63645449976694,22.74853,71.31236,1.044983,2.582723,2.154679,0.130266,0.026458,0,0,
0.640288563018548,26.69687,65.5236,2.588844,2.116796,2.48576,0.175105,0,0.41303,0,
0.644122626270156,22.29266,70.69272,1.722664,2.500842,2.014902,0.347822,0,0.428392,0,
0.647956689521764,24.26666,70.66482,1.409835,0.779281,2.190162,0.273368,0.009172,0.406701,0,
0.651790752773372,22.87446,71.31825,2.37427,1.100138,1.432996,0.606277,0.2936,0,0,
0.65562481602498,24.27646,71.71594,0.433189,1.737121,1.579798,0.057206,0.200284,0,0,
0.659458879276588,21.53324,73.18786,2.450431,1.012264,1.432176,0,0.109327,0.274701,0,
0.663292942528196,21.90578,70.26078,1.892246,1.297325,1.623942,0.233658,0.01574,0,2.770526,
0.667127005779805,25.51522,69.42387,0.940292,1.298,2.45006,0,0.248654,0.123911,0,
0.670961069031413,24.39833,70.42902,0.836054,2.184998,1.232118,0.590861,0.198653,0.129972,0,
0.674795132283021,24.07441,71.53318,0.857492,1.518771,1.39389,0.372224,0,0.250034,0,
0.678629195534629,19.93488,75.90705,1.296395,0.78359,1.74426,0.183323,0.1505,0,0,
0.682463258786237,21.34278,73.32323,0.390029,0.920021,1.228045,0.657821,0,0,2.138062,
0.686297322037845,24.77269,72.76241,0.788613,1.024229,0.455831,0,0,0.196235,0,
0.690131385289453,23.68757,72.23129,1.078554,1.059862,1.371391,0,0.176016,0.39532,0,
0.693965448541061,28.28945,67.79905,1.484247,0.860672,1.153485,0,0.26819,0.144904,0,
0.697799511792669,25.78628,70.2393,1.914582,0.582445,0.925134,0,0.381838,0.170416,0,
0.701633575044277,29.50736,67.51978,1.602068,0.673831,0.309328,0.387629,0,0,0,
0.705467638295885,26.37298,70.97355,0.875408,0.949157,0.795426,0,0.033484,0,0,
0.709301701547494,23.51817,73.57137,0.723919,1.000289,0.815656,0,0.003347,0,0.367252,
0.713135764799102,22.21346,71.77186,0.529908,1.601649,0.824491,0.120937,0,0,2.937698,
0.71696982805071,28.09126,68.55781,1.282501,0.973445,0.499174,0.363626,0,0.23219,0,
0.720803891302318,25.70375,70.13422,0.884995,1.219339,1.489642,0.281618,0.286436,0,0,
0.724637954553926,21.48405,75.55824,0.837176,1.158828,0.485208,0,0,0.076888,0.399608,
0.728472017805534,21.83548,74.56376,1.183741,1.267693,0.856853,0.292477,0,0,0,
0.732306081057142,19.93354,76.21304,0.939921,1.856617,1.056877,0,0,0,0,
0.73614014430875,24.72403,72.06795,0.302972,1.458002,1.217026,0,0,0,0.230022,
0.739974207560358,22.21491,74.1572,1.646561,0.271425,0.816898,0,0,0,0.893015,
0.743808270811966,23.1029,72.91294,1.593211,1.268438,1.00857,0,0,0.113935,0,
0.747642334063574,21.83521,73.24808,0.118235,2.671935,0.951122,0,0.248489,0,0.926926,
0.751476397315182,24.4166,72.05153,1.087568,1.062429,0.851282,0.085952,0.444639,0,0,
0.75531046056679,23.10467,73.44519,0.692155,1.083802,0.813027,0.037444,0,0.020919,0.802795,
0.759144523818399,21.79982,71.95508,2.072155,0.567343,1.382085,0,0,0,2.223514,
0.762978587070007,20.88189,74.37141,1.091573,0.792212,0.302766,0,0,0.212118,2.348031,
0.766812650321615,24.68725,72.30887,0.411618,0.80078,1.119649,0.391325,0.193138,0.087373,0,
0.770646713573223,24.0724,72.51627,0.609946,1.616892,0,0.289188,0,0.173318,0.721989,
0.774480776824831,23.74072,74.31248,0.974463,0.672953,0,0.299387,0,0,0,
0.778314840076439,23.85373,73.81057,1.135459,0.339829,0.43209,0,0.206612,0.221715,0,
0.782148903328047,26.43316,71.46455,0.479204,0.452802,0.489154,0.052272,0,0.10418,0.524675,
0.785982966579655,19.82034,75.1535,1.453426,0,0.941337,0,0,0.395564,2.235826,
0.789817029831263,22.72086,72.59834,2.289599,1.27327,0.702539,0.223502,0,0.191886,0,
0.793651093082871,24.20366,72.8708,0.429848,1.876641,0.619046,0,0,0,0,
0.797485156334479,23.2067,74.40325,0.908201,0.46537,0.77467,0,0.184178,0.057627,0,
0.801319219586087,22.01747,73.42587,1.370865,1.732616,0.863244,0.45955,0.019597,0.11079,0,
0.805153282837695,24.66219,73.83891,0.731393,0.1144,0.378399,0,0,0.274714,0,
0.808987346089303,24.22177,71.09943,2.279583,1.32822,0.542853,0,0.528138,0,0,
0.812821409340912,27.36338,70.63641,1.368524,0.409405,0.160442,0,0.061833,0,0,
0.816655472592519,23.91739,73.53939,1.428156,0.665546,0.44952,0,0,0,0,
0.820489535844128,20.95434,76.18703,1.031258,0.747833,0.320846,0.001748,0.069635,0.128278,0.55903,
0.824323599095736,23.33822,73.58844,1.594449,0.681285,0.41229,0.272459,0.112861,0,0,
0.828157662347344,20.68098,74.51608,1.7401,0.496033,0.594707,0.241779,0.261185,0,1.469141,
0.831991725598952,23.1788,73.82183,1.687357,0.539897,0.738238,0,0.033879,0,0,
0.83582578885056,22.91632,74.31573,0.933371,0.601366,0.34173,0.309123,0.350652,0.231705,0,
0.839659852102168,24.77931,72.84351,1.216169,0.796734,0,0,0,0.364271,0,
0.843493915353776,26.05802,72.09352,0.938111,0.683666,0.157482,0,0.069204,0,0,
0.847327978605384,22.97634,72.54996,2.065342,0.955646,0.280732,0.970074,0,0.201907,0,
0.851162041856992,24.71007,72.52598,1.148769,1.495438,0,0.119744,0,0,0,
0.8549961051086,22.22691,75.9798,1.065615,0.559462,0,0,0.168219,0,0,
0.858830168360208,25.53822,70.76402,1.56188,1.118028,0.312469,0.420283,0,0.285099,0,
0.862664231611816,25.45269,71.35239,1.920739,0.512091,0.140419,0.300317,0,0.321358,0,
0.866498294863425,23.22028,73.07394,1.40212,0.717836,0.557974,0,0.104432,0,0.923415,
0.870332358115033,22.26793,75.21354,0.91724,1.2035,0.177975,0,0,0.219823,0,
0.874166421366641,23.01781,73.39185,0.799907,1.020049,0.584337,0.547002,0.51924,0.119806,0,
0.878000484618249,24.18858,72.87152,1.363922,0.552679,0.525939,0.049788,0.038275,0.409298,0,
0.881834547869857,23.20506,73.03184,1.577346,0.827595,0.589404,0.236534,0.083913,0,0.448308,
0.885668611121465,25.36211,71.44528,0.533865,0.994487,0.521513,0.148446,0,0.292655,0.701643,
0.889502674373073,23.64869,73.99314,0.586237,0.480843,1.04611,0,0,0.244975,0,
0.893336737624681,23.39541,73.66344,0.849283,0.487215,0.337273,0,0,0.265256,1.002121,
0.897170800876289,24.34818,73.35577,0.53693,0.677834,0.967548,0,0.007238,0,0.106505,
0.901004864127897,25.70268,70.87945,1.516097,1.327602,0.322132,0,0.067206,0.18483,0,
0.904838927379505,25.444,72.58778,1.101397,0.866817,0,0,0,0,0,
0.908672990631113,22.1539,73.95123,1.249434,1.36097,0.436244,0,0.848227,0,0,
0.912507053882721,24.18901,73.14993,1.119686,0.786991,0.239663,0.514723,0,0,0,
0.916341117134329,25.58257,71.72849,0.886732,0.741309,0.969327,0,0,0.091563,0,
0.920175180385937,22.01895,74.17258,0.575408,1.891841,0.722541,0.485182,0,0.133501,0,
0.924009243637545,22.20983,73.01689,0.941246,0.904306,0.20265,0,0,0,2.725077,
0.927843306889154,21.74596,74.84386,0.502596,1.829947,0.366418,0,0,0,0.711217,
0.931677370140762,25.9692,70.16726,1.773537,0.235906,1.052512,0.314891,0,0.486691,0,
0.93551143339237,20.53215,75.70427,1.303982,0.534455,0.578073,0.145512,0,0.471979,0.729582,
0.939345496643978,26.41821,71.56638,0.655246,0.404492,0.56393,0.17373,0.101914,0.116098,0,
0.943179559895586,23.55352,73.55488,1.332036,0.32683,0.358441,0.406936,0.24009,0.227268,0,
0.947013623147194,21.12359,77.06401,0.748524,0.302245,0.245501,0.342319,0.15418,0.019629,0,
0.950847686398802,20.80801,73.82161,1.841872,0.58043,0.598798,0.52463,0,0,1.824651,
0.95468174965041,25.36202,70.9791,2.035181,1.008421,0.591698,0,0,0.023574,0,
0.958515812902018,25.43314,71.68404,1.34224,0.313195,0.64096,0.210227,0.376198,0,0,
0.962349876153626,22.27063,72.39724,2.215033,1.086318,0.536198,0,0,0.30988,1.184703,
0.966183939405234,22.82208,73.94604,1.188187,1.037264,0.24026,0.480839,0.174533,0.110799,0,
0.970018002656842,23.79715,72.93504,0.867273,1.228474,0.388141,0.515828,0,0.268092,0,
0.973852065908451,25.17805,72.0716,0.403249,1.559777,0.760771,0.026547,0,0,0,
0.977686129160058,18.92112,75.76337,2.08286,2.000556,1.072791,0,0.15931,0,0,
0.981520192411667,26.24022,70.19151,1.397704,0.734715,0.715991,0.309033,0.143739,0.267093,0,
0.985354255663275,19.85007,76.82103,1.430464,0,0.620029,0,0.054591,0.102604,1.121213,
0.989188318914883,23.20045,71.8474,1.524281,1.453082,1.045617,0.234208,0.167171,0.527795,0,
0.993022382166491,24.04338,71.79567,1.270423,1.063127,1.238083,0.524044,0.06527,0,0,
0.996856445418099,22.69882,73.15263,0.610823,1.002545,1.374967,0.654294,0.505925,0,0,
1.00069050866971,23.74232,73.27021,0.613956,1.255213,0.944359,0,0.099666,0.030515,0.043753,
1.00452457192132,24.03789,71.67635,1.0859,1.259198,0.372905,0,0,0,1.567752,
1.00835863517292,22.21461,73.5807,1.775636,1.396278,0.422383,0.098593,0.304353,0,0.207445,
1.01219269842453,23.62373,73.60438,1.196266,1.547474,0,0,0.028157,0,0,
1.01602676167614,21.70786,74.56611,1.308809,1.608112,0.809105,0,0,0,0,
1.01986082492775,21.5491,73.72236,2.108458,1.25086,1.203522,0.1657,0,0,0,
1.02369488817936,24.80037,70.99033,1.552643,1.053623,1.372259,0,0,0.230779,0,
1.02752895143096,22.34487,73.9816,0.961756,1.334336,0.877877,0.263298,0,0.236266,0,
1.03136301468257,23.59391,71.83157,0.803239,2.088573,0.691565,0.506858,0.243981,0.240303,0,
1.03519707793418,23.39281,70.89512,0.888093,1.469382,1.096268,0.407028,0,0,1.851297,
1.03903114118579,24.44884,71.23857,2.186876,0.802968,0.974737,0.346559,0,0.001455,0,
1.0428652044374,23.88639,71.81023,1.58154,0.876542,1.089483,0,0,0.755813,0,
1.046699267689,23.0638,72.53448,1.533957,2.068142,0.771061,0,0.028556,0,0,
1.05053333094061,21.84371,73.2837,1.980372,1.763499,1.005891,0,0,0.122827,0,
1.05436739419222,25.98612,69.43076,1.149234,0.645718,1.107348,0.546924,0.024452,0.038862,1.070578,
1.05820145744383,24.73313,69.5662,0.86189,1.333901,1.423271,1.033191,0.313934,0.734487,0,
1.06203552069544,25.50605,71.53955,0.881239,1.269369,0.58451,0.10106,0.118225,0,0,
1.06586958394704,21.52368,72.98235,1.995996,1.713971,1.070023,0.197411,0.32515,0.191427,0,
1.06970364719865,27.8863,68.49017,1.077983,1.515133,0.977197,0.053224,0,0,0,
1.07353771045026,23.25437,71.29394,1.035176,1.208244,1.468367,0,0.04792,0.011284,1.6807,
1.07737177370187,26.19427,69.60058,1.823662,0.890423,1.149644,0.295187,0.046239,0,0,
1.08120583695348,25.42072,71.056,1.316836,0.72797,1.169365,0.057531,0.251586,0,0,
1.08503990020508,24.65294,71.9577,1.153497,1.174049,1.061824,0,0,0,0,
1.08887396345669,24.75994,71.13345,1.568182,1.483473,0.934686,0,0.103364,0.016906,0,
1.0927080267083,24.30154,71.76749,1.563932,1.436171,0.82431,0.105331,0.001222,0,0,
1.09654208995991,27.1554,69.45792,0.62177,1.53509,1.229814,0,0,0,0,
1.10037615321152,27.73083,69.26591,0.77431,1.443721,0.584699,0,0,0.200534,0,
1.10421021646313,27.22336,67.86948,2.095586,1.684297,0.468051,0,0.252778,0.406448,0,
1.10804427971473,26.06011,70.75922,1.133429,1.710173,0.337068,0,0,0,0,
1.11187834296634,26.69206,69.12873,1.724684,1.364765,0.894124,0,0,0.19563,0,
1.11571240621795,26.62889,68.68533,1.467944,1.539424,0.627259,0.609117,0,0.054898,0.38713,
1.11954646946956,28.08789,68.76043,0.858844,1.104451,0.707646,0.274569,0.077664,0.128505,0,
1.12338053272117,25.38828,71.48674,1.003642,1.178328,0.615076,0,0,0.327934,0,
1.12721459597277,27.60993,69.49925,1.214482,0.892312,0.527205,0.026155,0.019177,0.211489,0,
1.13104865922438,23.64873,71.09612,2.286606,1.909076,0.971446,0,0,0.08803,0,
1.13488272247599,28.70738,66.21854,1.863274,0.813346,0.976818,0.064889,0.168704,0.104069,1.08299,
1.1387167857276,29.86301,66.7523,0.520773,0.940072,0.986793,0.552017,0.255437,0.129608,0,
1.14255084897921,24.58764,72.33322,1.18783,0.748087,0.691794,0,0.450334,0.001096,0,
1.14638491223081,27.92616,68.5058,0.602744,1.712481,0.659148,0.329274,0,0.264391,0,
1.15021897548242,30.58938,64.90842,0.617937,2.41933,0.787131,0.455595,0.222213,0,0,
1.15405303873403,27.89941,67.25523,1.781146,1.86408,1.089603,0.070372,0,0.040155,0,
1.15788710198564,28.55493,64.45,1.700419,0.910608,1.446223,0,0.060445,0.155797,2.721573,
1.16172116523725,29.69716,66.00923,2.187695,1.454152,0.496958,0.154804,0,0,0,
1.16555522848885,29.39492,66.56406,1.729304,1.450766,0.498114,0,0,0.36283,0,
1.16938929174046,32.78294,64.35029,1.124625,0.426173,0.77291,0.194361,0,0.348702,0,
1.17322335499207,29.00417,66.03648,1.293159,1.936259,1.226221,0.084476,0.268196,0.15104,0,
1.17705741824368,30.13837,64.01864,2.900726,1.94987,0.850384,0.14201,0,0,0,
1.18089148149529,30.12732,63.58681,3.245785,1.631188,0.952342,0,0.245101,0.211449,0,
1.18472554474689,28.8816,64.79045,2.170873,1.620373,1.86825,0.475192,0,0.193254,0,
1.1885596079985,26.30907,68.37126,2.163957,1.415575,1.28142,0.030426,0.079236,0.349048,0,
1.19239367125011,30.09469,64.04054,1.65027,2.547635,1.196785,0.16603,0.304045,0,0,
1.19622773450172,28.78948,66.04411,1.701205,1.87469,1.367889,0,0,0.222623,0,
1.20006179775333,28.61727,62.27424,3.637188,1.822441,1.749505,0.097519,0.019709,0,1.782126,
1.20389586100493,30.97602,60.81894,4.320428,2.118575,1.51195,0.087084,0.167007,0,0,
1.20772992425654,27.62261,64.26124,3.995539,2.435298,1.685311,0,0,0,0,
1.21156398750815,27.02922,63.16125,3.794391,1.828462,1.723159,0,0,0,2.463523,
1.21539805075976,36.16381,57.08485,1.467278,2.779922,1.940429,0,0.118848,0.444861,0,
1.21923211401137,33.03586,59.34069,2.523579,3.6123,1.248569,0.17385,0.026892,0.038259,0,
1.22306617726298,33.24254,58.78127,3.145541,1.810077,1.810445,0.264312,0.189578,0.396614,0.359629,
1.22690024051458,25.49791,64.86827,5.376232,2.652379,1.45932,0.097013,0,0.04888,0,
1.23073430376619,30.00613,59.10896,5.863393,2.092362,1.967133,0.792063,0.169964,0,0,
1.2345683670178,31.0135,59.29285,6.549165,1.147195,1.841665,0,0,0.155627,0,
1.23840243026941,27.62157,62.73877,5.968775,1.040268,1.627076,0.055975,0.260137,0.687432,0,
1.24223649352102,28.18846,61.71134,5.730374,1.964756,1.77658,0.223878,0.032597,0.372015,0,
1.24607055677262,22.8798,68.8054,4.847643,1.714904,1.509139,0.24311,0,0,0,
1.24990462002423,22.99481,69.73814,3.794097,1.785266,1.284103,0,0.019561,0,0.384029,
1.25373868327584,28.25721,63.874,3.880253,1.809756,1.551148,0.33361,0,0.294028,0,
1.25757274652745,22.27102,68.69395,2.930729,1.135323,1.56719,0.787247,0.081235,0.011893,2.521411,
1.26140680977906,22.88552,68.41364,2.764508,1.534382,1.192013,0.315644,0,0.305921,2.588376,
1.26524087303066,21.77916,69.22656,3.91048,1.435532,1.836412,0,0,0.378741,1.433117,
1.26907493628227,21.33438,72.10798,1.903359,2.538397,1.798249,0.293092,0,0.024541,0,
1.27290899953388,20.65553,71.21515,4.839524,1.47663,1.228792,0.298861,0,0.285518,0,
1.27674306278549,18.77684,69.87619,3.627006,1.555316,2.491584,0,0,1.118024,2.555041,
1.2805771260371,17.48798,76.60262,2.131883,1.645293,1.702903,0.232006,0,0.197322,0,
1.2844111892887,16.2156,73.67871,3.791943,2.354572,1.543455,0,0,0.187231,2.228489,
1.28824525254031,20.4462,70.87148,3.374045,1.765542,2.107152,0,0.244132,0.073157,1.118286,
1.29207931579192,19.67879,75.33264,2.422284,0.888627,1.448052,0,0,0.229605,0,
1.29591337904353,19.71189,74.55659,2.918954,0.826415,1.617668,0,0,0.368491,0,
1.29974744229514,20.68959,72.44858,1.946892,1.626764,1.420367,0.862906,0.325144,0,0.67976,
1.30358150554674,16.55451,77.36715,2.987702,1.536158,1.197936,0,0,0.356547,0,
1.30741556879835,18.23191,76.05321,2.151323,1.223838,1.312291,0.94095,0,0.086481,0,
1.31124963204996,16.70613,77.60901,2.483014,1.301417,1.741895,0,0.11614,0.042401,0,
1.31508369530157,14.99056,79.13206,2.176178,2.001056,1.11767,0.041091,0.541389,0,0,
1.31891775855318,15.12864,75.92507,2.563917,1.601672,1.494626,0.45491,0,0,2.831157,
1.32275182180479,16.7182,76.78703,2.711309,1.855553,1.344969,0,0.266162,0.011871,0.304912,
1.32658588505639,17.75542,76.78282,2.211046,1.410299,1.51478,0,0,0.325636,0,
1.330419948308,20.82336,72.83406,1.864764,2.09715,2.297963,0,0.07274,0.009962,0,
1.33425401155961,18.33238,76.55221,0.898626,2.187618,1.663361,0.360013,0.005797,0,0,
1.33808807481122,19.81474,73.47266,2.461056,2.895253,1.283085,0,0.073202,0,0,
1.34192213806283,16.20968,76.02039,3.507596,1.487462,2.324292,0.31151,0.105046,0.034032,0,
1.34575620131443,18.88328,70.33503,4.48073,1.510041,1.329979,0.53936,0.147571,0,2.774004,
1.34959026456604,19.58414,73.84695,2.971073,1.828071,1.160934,0.541014,0,0.067827,0,
1.35342432781765,18.86987,67.81154,4.568724,3.808764,4.089299,0,0,0,0.851811,
1.35725839106926,15.99319,69.77894,4.500152,2.453141,3.00222,0,0.163264,0.285367,3.823723,
1.36109245432087,19.18941,67.26012,6.182451,3.3762,3.208462,0.29386,0.135029,0.354464,0,
1.36492651757247,19.01224,64.84242,5.946103,2.151969,3.309313,0.991623,0.334394,0.681408,2.730528,
1.36876058082408,20.12006,68.74391,3.587196,3.392439,3.678783,0.471845,0,0.005765,0,
1.37259464407569,22.24909,67.86302,3.716044,3.123442,2.544628,0.237414,0.02442,0.241939,0,
1.3764287073273,22.08403,67.80722,2.670064,3.84711,3.440672,0,0,0.150904,0,
1.38026277057891,24.69802,67.53114,3.01354,1.729164,2.151119,0.477863,0.399157,0,0,
1.38409683383051,21.4525,70.12589,3.682216,2.480924,1.95482,0.007552,0,0.206158,0.089943,
1.38793089708212,13.45361,74.76329,3.888985,4.308507,3.585602,0,0,0,0,
1.39176496033373,17.57936,74.11674,2.162983,2.99141,1.92443,0.492496,0,0,0.732582,
1.39559902358534,17.71591,74.43498,3.827248,1.464764,1.881155,0,0,0.675942,0,
1.39943308683695,21.45632,69.71367,2.540428,2.793911,2.856344,0,0.115826,0.523499,0,
1.40326715008855,23.89029,68.71913,2.869565,1.757092,2.268931,0,0,0.341107,0.153883,
1.40710121334016,24.37772,68.19829,2.902192,1.345192,2.178614,0.78641,0,0.211582,0,
1.41093527659177,21.64222,70.56773,1.661171,2.304335,2.459321,0.589578,0,0,0.775653,
1.41476933984338,24.73208,70.32366,0.60685,1.747197,2.082648,0.208,0.299561,0,0,
1.41860340309499,28.12966,64.76083,1.60939,2.386514,1.144546,0.177682,0,0,1.791375,
1.42243746634659,26.95789,67.63364,1.729467,1.909515,1.07926,0.387512,0,0.30271,0,
1.4262715295982,24.61455,69.65715,1.71662,1.974819,1.026817,0.816411,0.193633,0,0,
1.43010559284981,21.72303,72.54092,2.249826,1.192468,2.046942,0,0,0,0.246822,
1.43393965610142,20.12143,70.27811,1.967231,1.595496,1.792418,0.467815,0.260006,0.492684,3.024806,
1.43777371935303,25.63936,70.25755,1.461522,1.012071,0.818496,0.155101,0,0.655899,0,
1.44160778260464,20.53081,75.43155,1.14959,1.644956,0.471018,0.372118,0.169917,0.230048,0,
1.44544184585624,26.92477,66.9586,2.621822,0.737333,1.940085,0.341878,0.061682,0.413829,0,
1.44927590910785,26.13944,69.70457,0.887844,1.256798,1.175834,0.504063,0,0.331456,0,
1.45310997235946,25.20007,69.12989,1.762064,1.973513,1.60081,0.333655,0,0,0,
1.45694403561107,21.80911,72.6792,1.474012,2.160106,1.214721,0.046485,0.257045,0.006682,0.352638,
1.46077809886268,24.82644,69.82879,1.119673,2.056954,1.485199,0.682941,0,0,0,
1.46461216211428,27.97611,68.82999,0.829368,1.2198,0.570228,0,0.253153,0.321351,0,
1.46844622536589,17.84324,74.96414,1.735551,1.672995,2.436965,0.54994,0,0.018658,0.778509,
1.4722802886175,28.62381,67.75522,0.115429,1.387486,1.502888,0.539584,0,0.07558,0,
1.47611435186911,28.35329,66.99623,1.495118,1.920266,0.789316,0.047032,0.398748,0,0,
1.47994841512072,27.01674,68.28128,2.112354,0.727018,1.372438,0.119477,0.061992,0.3087,0,
1.48378247837232,27.42254,67.40881,0.887662,2.199629,1.771759,0.227579,0,0.082016,0,
1.48761654162393,23.54506,71.62038,1.663362,1.871253,0.851886,0.324288,0,0,0.123777,
1.49145060487554,24.51537,70.05642,2.121963,1.264596,1.528368,0.165093,0.229599,0,0.11859,
1.49528466812715,25.40851,70.306,1.2273,0.815167,0.706607,0.140517,0.044103,0.108269,1.243522,
1.49911873137876,24.16917,71.14539,0,1.253848,1.251833,0,0,0,2.179757,
1.50295279463036,22.70873,72.11036,1.629655,1.069406,1.632205,0.440384,0.409263,0,0,
1.50678685788197,22.05539,71.81394,2.712084,1.460372,1.112045,0,0.193389,0,0.652779,
1.51062092113358,29.18824,67.313,1.175157,0.851697,0.775275,0.05025,0.646376,0,0,
1.51445498438519,20.18563,74.20583,1.749623,0.845725,1.025307,0,0.579504,0.256094,1.152281,
1.5182890476368,23.15034,72.15968,1.426401,1.635882,0.957921,0.338656,0,0.331129,0,
1.52212311088841,23.64582,70.68964,0.748039,1.792475,1.421016,0.68081,0,0.280702,0.741504,
1.52595717414001,21.6214,74.61445,1.219957,1.587936,0.678666,0.047881,0.045904,0.183803,0,
1.52979123739162,24.93604,70.92503,1.230154,0.700624,1.196249,0.224384,0.147517,0.639994,0,
1.53362530064323,22.95504,71.93452,1.563391,1.488359,1.261395,0.706449,0.090844,0,0,
1.53745936389484,23.06244,71.02855,1.21065,1.265365,0.981028,0.474821,0.460884,0.329804,1.186457,
1.54129342714645,23.16739,72.11952,0.75895,1.772982,1.285219,0.573174,0,0.322765,0,
1.54512749039805,23.45575,73.11726,1.05956,1.911337,0.244636,0.070439,0.141014,0,0,
1.54896155364966,25.42584,70.37372,0.92818,1.990632,0.840666,0.24625,0.058829,0.135886,0,
1.55279561690127,25.04026,71.52248,1.498655,0.782598,0.662738,0,0.160939,0.296774,0.035559,
1.55662968015288,22.87451,72.45129,1.662464,2.013162,0.803643,0,0,0.194926,0,
1.56046374340449,22.80287,71.67725,1.549086,1.697751,1.286141,0.414949,0,0.571951,0,
1.56429780665609,25.28671,72.42267,0.529975,0.66525,0.724653,0.277863,0,0.092881,0,
1.5681318699077,26.50703,70.87591,1.535943,0.044273,0.639629,0.272109,0,0.125104,0,
1.57196593315931,21.44597,70.4131,0.970242,1.417361,1.032965,0.16249,0,0.057003,4.500875,
1.57579999641092,22.21385,74.50848,1.674638,0.523451,0.968046,0,0.052498,0.059037,0,
1.57963405966253,28.30909,68.04396,0.543962,1.132198,0.474819,0.43439,0,0,1.06158,
1.58346812291413,23.94401,73.97258,0.121472,0.940322,1.021618,0,0,0,0,
1.58730218616574,22.32994,73.74236,0.709614,0.947976,0,0.480941,0.21311,0.026056,1.550001,
1.59113624941735,24.90156,72.17047,1.581861,0.833175,0.314938,0.187163,0,0.010831,0,
1.59497031266896,21.82486,74.05453,1.022977,0.765864,1.256301,0.671923,0.403546,0,0,
1.59880437592057,26.28791,69.68631,0.971631,1.350469,1.210565,0.295632,0,0.197482,0,
1.60263843917217,22.40791,74.66114,1.020335,1.072488,0.199554,0.638573,0,0,0,
1.60647250242378,24.9861,72.40025,0.984836,0.073711,0.709588,0.569523,0.048379,0.227619,0,
1.61030656567539,22.63741,73.14126,1.026197,1.878479,0.668559,0.493756,0,0.154344,0,
1.614140628927,24.00316,72.85719,0.509234,1.199722,1.059247,0.371447,0,0,0,
1.61797469217861,27.03209,70.83305,0.559827,0.639607,0.667605,0,0,0.267825,0,
1.62180875543021,24.75098,71.74612,1.496919,1.190295,0.499104,0.101911,0,0.214665,0,
1.62564281868182,25.70603,70.24533,1.194545,1.735717,1.118376,0,0,0,0,
1.62947688193343,25.2086,73.62771,0.646867,0.23247,0.284354,0,0,0,0,
1.63331094518504,23.56016,73.23044,1.778546,0.498228,0.346882,0.104232,0,0.481517,0,
1.63714500843665,26.7394,70.53728,0.102275,1.071132,1.042285,0.0703,0,0,0.43732,
1.64097907168826,25.43476,70.77946,2.102746,0.978029,0.41763,0,0,0.287375,0,
1.64481313493986,20.87213,76.65497,1.047668,0.75441,0.620077,0.050741,0,0,0,
1.64864719819147,19.55429,75.33631,1.139158,0.244983,0.725512,0,0.601955,0.120793,2.277003,
1.65248126144308,25.64221,71.40558,1.500943,0.980831,0.089559,0.380884,0,0,0,
1.65631532469469,22.38208,74.38998,0.831235,1.51824,0.082807,0.480786,0,0.314872,0,
1.6601493879463,21.60588,75.6118,0.381527,1.743587,0.266468,0.296494,0.094242,0,0,
1.6639834511979,21.8209,75.04804,1.687487,0.712332,0.447994,0.120784,0,0.162466,0,
1.66781751444951,22.58146,75.03712,0.613825,0.818968,0.803151,0.145478,0,0,0,
1.67165157770112,24.7278,73.68016,0.449026,0.297025,0.486616,0.058776,0.086673,0.213922,0,
1.67548564095273,21.75564,75.59486,0.448406,1.470955,0.73014,0,0,0,0,
1.67931970420434,22.46335,74.61846,0,0.901906,0.846118,0,0.070317,0.060849,1.038992,
1.68315376745594,19.8819,77.03629,0.461808,0.624468,0.898546,0.315769,0,0,0.781217,
1.68698783070755,23.9395,73.42184,0,1.093046,0.841689,0.48375,0.049261,0.170916,0,
1.69082189395916,22.16089,75.09313,0.452566,0.57582,0.93785,0.429923,0.349814,0,0,
1.69465595721077,21.93817,76.77308,0.82244,0,0.466309,0,0,0,0,
1.69849002046238,22.12045,75.08746,1.086864,0.011187,0.372047,0.014879,0.153521,0.575589,0.578001,
1.70232408371398,27.59186,70.05359,0.59618,0.969928,0.468232,0,0.021199,0.299013,0,
1.70615814696559,23.64392,70.94514,1.96314,0.840645,0,0.156513,0.508486,0,1.942162,
1.7099922102172,19.43696,76.51903,1.921538,0.321442,0.416897,0,0.174201,0.39011,0.819822,
1.71382627346881,23.19007,74.7773,0.252436,1.631947,0,0.113455,0,0.034791,0,
1.71766033672042,22.82102,75.01117,0.442353,0.853646,0.521496,0.199196,0,0.151126,0,
1.72149439997202,24.85427,72.6544,1.240766,1.132878,0.102637,0.015046,0,0,0,
1.72532846322363,22.27922,74.95039,1.089005,0.967171,0.260532,0.263104,0,0.190579,0,
1.72916252647524,21.41631,75.61378,0,0.88634,0.130575,0.157676,0.212171,0.007265,1.575889,
1.73299658972685,26.84121,71.22517,0.0296,1.151686,0.376657,0,0.206678,0.168989,0,
1.73683065297846,24.24168,71.39601,1.082804,1.591489,0.639897,0.287769,0,0,0.760349,
1.74066471623007,25.14987,72.99151,0.169853,0.858787,0.272991,0.46376,0,0.093233,0,
1.74449877948167,21.31067,74.47323,0.551168,0.721118,0.296839,0.20185,0.149388,0.019221,2.276516,
1.74833284273328,21.26852,75.295,0.863664,1.062688,0,0.665784,0.259651,0.209824,0.374868,
1.75216690598489,24.40604,73.62666,0.059873,0.794166,0.463941,0.097429,0.016788,0.054769,0.48033,
1.7560009692365,25.65714,72.47793,0.272511,0.581654,0.380208,0,0,0.630561,0,
1.75983503248811,19.39783,77.40546,0.90009,0.951098,0.772889,0.430985,0.141649,0,0,
1.76366909573971,19.3872,77.149,1.082563,0.669424,0.147741,0.197749,0,0,1.366319,
1.76750315899132,21.69926,75.41798,1.744967,0,0.702554,0.064224,0,0.371019,0,
1.77133722224293,23.71458,74.25175,1.906189,0,0.03797,0.063179,0,0.026326,0,
1.77517128549454,18.89512,78.9138,0.872435,0.565769,0.320049,0.271509,0,0.161319,0,
1.77900534874615,21.83128,76.39101,0,0.684055,0.615067,0.173291,0,0.305298,0,
1.78283941199775,23.56928,74.3499,0.869145,0.44892,0.461196,0,0,0,0.30156,
1.78667347524936,21.47502,74.4202,1.389634,1.296397,0.614311,0.49974,0,0,0.304694,
1.79050753850097,26.72106,71.23638,0.686577,0.971007,0.130878,0,0.254098,0,0,
1.79434160175258,20.9049,75.37247,1.407811,1.44111,0.283622,0.590084,0,0,0,
1.79817566500419,20.8515,76.22715,1.613937,1.204122,0,0,0,0.103298,0,
1.80200972825579,20.91842,76.50951,1.334743,0.480386,0.544181,0,0.069671,0.143097,0,
1.8058437915074,19.55139,79.05376,0.01322,0.248306,0.330791,0.356073,0.228935,0.217519,0,
1.80967785475901,22.51937,72.85851,0.543836,0.840453,0.253391,0.457563,0.468122,0,2.058745,
1.81351191801062,20.61731,76.9771,1.332043,0.27974,0.560079,0.212555,0,0.021175,0,
1.81734598126223,18.66798,78.28619,0.964977,1.193194,0.060096,0.827556,0,0,0,
1.82118004451383,25.31323,72.92336,1.129912,0.347082,0.281832,0.004596,0,0,0,
1.82501410776544,19.85427,79.07693,0.283301,0.612642,0.147741,0,0,0.025126,0,
1.82884817101705,21.26868,76.73943,1.161559,0.064208,0.31379,0,0,0.452339,0,
1.83268223426866,26.03373,71.22701,1.544065,0.28493,0.276543,0.384109,0.085666,0.163943,0,
