Distance (µm),C Wt%,Si Wt%,O Wt%,F Wt%,K Wt%,Na Wt%,Ti Wt%,Fe Wt%,B Wt%,
0,9.065062,89.4687,0.546168,0,0,0,0.525655,0.394415,0,
0.00383406325160803,8.568711,91.16716,0.264131,0,0,0,0,0,0,
0.00766812650321625,6.580184,92.81688,0.154001,0,0,0.246512,0,0.202422,0,
0.0115021897548243,8.279829,90.01745,0.470161,0.056214,0.0223,0,1.154049,0,0,
0.0153362530064323,11.34319,88.08231,0.045554,0.086006,0.085606,0.143546,0.21379,0,0,
0.0191703162580403,9.774494,90.20106,0,0,0,0,0.024446,0,0,
0.0230043795096485,10.50066,88.99657,0,0.439713,0,0.063053,0,0,0,
0.0268384427612566,9.09479,90.19408,0.466582,0.187703,0,0,0,0.056846,0,
0.0306725060128646,7.991106,89.86584,0.253783,0,0.089446,0.129904,0.90326,0.766665,0,
0.0345065692644728,7.772818,90.11873,0.82736,0.161784,0,0.312634,0,0.463459,0.343217,
0.0383406325160809,7.366102,91.10739,0,0,0.652233,0.072566,0,0,0.801707,
0.0421746957676889,7.760387,90.85397,0.719622,0.019477,0.234766,0.202281,0,0.209496,0,
0.0460087590192969,10.15107,88.51643,0.04747,0.324439,0.786837,0.173759,0,0,0,
0.0498428222709051,9.516397,89.59332,0.270603,0.32066,0.299016,0,0,0,0,
0.0536768855225131,11.49937,87.1352,1.185952,0,0,0.17948,0,0,0,
0.0575109487741212,8.639619,89.55145,0.496234,0.074034,0.818237,0.3083,0,0.112124,0,
0.0613450120257294,9.16898,89.87164,0.602056,0.135792,0,0.221528,0,0,0,
0.0651790752773374,9.107597,88.78812,0.300502,0,0.519788,0.627926,0.436443,0.219624,0,
0.0690131385289454,8.337265,89.23394,0.611129,0.462327,0,0.122576,0.377579,0.228095,0.627093,
0.0728472017805537,10.28836,87.54896,0.723182,0,0,0.62071,0,0.818783,0,
0.0766812650321617,9.208953,89.82526,0.374188,0.591603,0,0,0,0,0,
0.0805153282837697,8.396391,90.50439,0.171679,0.178534,0,0.439762,0,0,0.309238,
0.0843493915353777,7.937754,91.18444,0.115181,0.427249,0,0,0,0.335372,0,
0.088183454786986,9.359153,88.65314,0.407438,0.238012,0,0.184182,0.573898,0.584172,0,
0.092017518038594,9.297673,89.16322,0.368265,0.583563,0,0.587277,0,0,0,
0.0958515812902017,7.993795,90.29271,0.681736,0.034328,0.403303,0.113669,0.480458,0,0,
0.0996856445418099,8.762708,90.05843,0.494298,0,0,0,0,0.179539,0.505033,
0.103519707793418,8.817929,88.8558,0.24201,1.069108,0,0,0,0,1.015154,
0.107353771045026,9.075605,89.9194,0.158178,0.059984,0,0.246265,0.319528,0.221046,0,
0.111187834296634,10.90093,87.65817,0,0.118991,0,0.477852,0.11791,0.726146,0,
0.115021897548242,9.687601,89.65654,0.367703,0,0,0,0.11105,0.177104,0,
0.11885596079985,9.078448,89.48709,0,0.316016,0.319981,0.371606,0.283986,0.142873,0,
0.122690024051458,10.06758,88.78176,0.254485,0.072629,0.129884,0,0.345105,0.348555,0,
0.126524087303066,7.951378,90.23303,0.701161,0.475136,0,0,0.310032,0.329263,0,
0.130358150554675,8.746901,89.82938,0.075564,1.185597,0,0.162552,0,0,0,
0.134192213806283,8.720814,89.7502,0.754925,0.263925,0.51014,0,0,0,0,
0.138026277057891,8.239324,90.67328,0.452877,0,0.2771,0.229853,0.12757,0,0,
0.141860340309499,9.511906,89.45316,0,0.363332,0,0,0.354252,0.317352,0,
0.145694403561107,8.163013,89.53231,0.740841,0.384349,0.326198,0,0,0.796734,0.05656,
0.149528466812715,9.183763,89.83047,0.102964,0.329397,0,0.040344,0,0.513066,0,
0.153362530064323,9.360075,89.35454,0.486332,0.306424,0.007368,0.22444,0.260823,0,0,
0.157196593315931,8.582293,89.8559,0.576958,0.21062,0,0.032328,0.24787,0.272094,0.221932,
0.161030656567539,11.14274,87.44034,0.099896,0.613615,0.27666,0.388497,0,0.038253,0,
0.164864719819147,8.588178,89.1346,0.396688,0,0,0,0,0.497103,1.383433,
0.168698783070755,8.298871,90.85043,0.456989,0.12764,0.098906,0,0.008593,0,0.15858,
0.172532846322363,10.14256,87.57561,0.823497,0.198544,0.052552,0.015828,0.398388,0.793022,0,
0.176366909573971,9.280594,88.70614,1.004956,0.10275,0.329901,0,0,0.575658,0,
0.180200972825579,11.11057,86.93433,0.567075,0.274584,0.434528,0,0,0.570182,0.108727,
0.184035036077187,8.793037,89.86763,0.518086,0.821243,0,0,0,0,0,
0.187869099328795,8.201935,90.40687,0.181743,0.242454,0.142417,0,0.108407,0.716178,0,
0.191703162580404,9.912566,87.61474,0.286907,0.308224,0.628929,0.724744,0,0.523889,0,
0.195537225832012,9.794728,90.10391,0.06041,0,0.040951,0,0,0,0,
0.19937128908362,10.16421,88.35414,0,0.882596,0.221564,0.257369,0.12012,0,0,
0.203205352335228,11.92666,85.57142,0,0.238566,0.648119,0.565372,0.024973,1.024884,0,
0.207039415586836,10.24109,88.39709,0.527788,0,0.6394,0,0.031418,0.163213,0,
0.210873478838444,8.457545,89.49011,0.538918,0,0.527304,0.121107,0.39852,0.44545,0.021043,
0.214707542090052,9.43353,88.23417,0.812266,0.072688,0.319228,0.26921,0,0.535999,0.32291,
0.21854160534166,8.651231,89.00995,0.499803,0.531181,0,0,0.440661,0.65814,0.209032,
0.222375668593268,8.405069,90.148,0,0.388004,0.379325,0,0.13944,0.540159,0,
0.226209731844876,11.37576,87.15369,1.047267,0.292096,0,0,0,0,0.131185,
0.230043795096484,10.65144,86.30082,1.056244,0.364738,0.974707,0.652047,0,0,0,
0.233877858348093,10.19506,87.25631,0.465846,0.305686,0.917944,0,0.085885,0.773266,0,
0.2377119215997,10.33577,87.13963,0.776899,0.541435,0.349861,0,0,0.174162,0.682239,
0.241545984851309,9.975761,89.24406,0.366423,0.231433,0,0,0.02722,0.155102,0,
0.245380048102917,11.0601,87.34778,0.35951,0.455887,0.469135,0.29567,0.011915,0,0,
0.249214111354525,9.781701,87.15628,0.137921,0.516311,0.91836,0.506647,0,0.982784,0,
0.253048174606133,9.508136,88.5757,0,0.859194,0.812589,0.244384,0,0,0,
0.256882237857741,10.95359,87.18073,0.778739,0.283666,0.769956,0.033321,0,0,0,
0.260716301109349,11.20259,85.40193,0.455317,1.280812,0.271039,0.232915,1.155393,0,0,
0.264550364360957,10.28764,86.34386,0.658292,0.396692,0.888613,0.308493,1.012002,0.104402,0,
0.268384427612565,10.68455,88.54154,0,0.576833,0,0.197076,0,0,0,
0.272218490864173,10.56514,86.82035,0.637,0.849385,0.814376,0.313754,0,0,0,
0.276052554115781,9.904074,88.17982,0.555779,0.26414,0.487523,0.285374,0,0.035595,0.287696,
0.279886617367389,11.169,86.61671,0.580008,0.752435,0.076105,0,0.442671,0.363078,0,
0.283720680618998,10.33048,86.18124,1.009232,0.113685,1.2823,0.15125,0.047801,0.884021,0,
0.287554743870606,10.39839,88.3142,0.175153,0.224488,0,0,0.468915,0.418859,0,
0.291388807122214,8.08931,88.8361,0.882664,0.585265,0.405507,0,0,0,1.20116,
0.295222870373822,10.63319,86.15878,0,0.99031,1.41386,0.25736,0,0.324699,0.221807,
0.29905693362543,11.67676,84.77532,0.745186,0.897784,1.41104,0,0,0.493904,0,
0.302890996877038,9.200886,88.38372,0.256954,0.360089,1.194827,0.159571,0,0,0.44395,
0.306725060128646,10.20415,86.01184,0.70467,0.560042,1.085023,0.5662,0,0.67016,0.19792,
0.310559123380254,9.699869,86.93313,0.634471,0.786608,0.972382,0.121662,0,0.851881,0,
0.314393186631862,9.979919,87.56071,0.585529,1.01492,0,0,0.316138,0.344534,0.198242,
0.31822724988347,8.982395,88.07331,0.823089,0.669966,1.214062,0.202214,0,0.03496,0,
0.322061313135078,12.1838,84.86637,0.659413,0.316913,1.526433,0.050803,0.065229,0,0.331042,
0.325895376386686,11.34678,84.48434,0.462932,1.011039,1.888365,0,0.80654,0,0,
0.329729439638294,13.20456,85.13979,0.455035,0.308251,0.28699,0.083281,0,0.336799,0.185288,
0.333563502889902,11.38376,85.57285,0.707463,1.381459,0.776823,0.049185,0.128462,0,0,
0.33739756614151,9.115132,87.89316,0.378682,0.444478,0.711067,0.338973,0.953495,0.165018,0,
0.341231629393118,11.37552,86.98357,0.15199,0.189923,0.64947,0,0.649523,0,0,
0.345065692644726,11.26682,83.90369,0.947395,0.417157,2.569897,0,0,0.89504,0,
0.348899755896335,11.03611,87.46243,0,0.425954,0.793392,0.244457,0.037661,0,0,
0.352733819147943,9.375779,87.79739,0.869652,0.261916,0.90759,0.057532,0.632057,0.098076,0,
0.356567882399551,11.13254,83.36918,0.33064,0.969772,0.322799,0.071916,1.34452,1.216016,1.242621,
0.360401945651159,12.34444,84.3243,0.348097,1.60804,0.845394,0.105473,0.424261,0,0,
0.364236008902767,10.63079,86.01349,0.750664,0.353561,0.787952,0.434132,0.331458,0.278905,0.419055,
0.368070072154375,11.77846,85.78571,0.46864,0.599975,0.895315,0.471901,0,0,0,
0.371904135405983,9.812595,87.10366,0.786726,0.874091,1.084777,0,0.054734,0.283413,0,
0.375738198657591,12.92045,84.44012,0.421044,1.02333,0.275352,0,0.373333,0.546378,0,
0.379572261909199,10.14023,86.29264,0,0.732033,2.09367,0.014937,0,0,0.726493,
0.383406325160807,9.652804,86.245,1.032458,0.430156,1.44855,0.198321,0.675641,0.317077,0,
0.387240388412415,12.89507,82.48142,0.617158,0.546086,1.809039,0.145385,0.254923,1.250924,0,
0.391074451664024,12.30463,84.20537,0.542888,0.894062,1.075554,0.590888,0,0,0.386618,
0.394908514915632,11.92993,84.49235,0.250182,0.712066,2.615468,0,0,0,0,
0.39874257816724,11.42158,85.42532,1.448154,0.368991,1.094434,0.121441,0.120076,0,0,
0.402576641418848,13.19886,83.67612,0.455945,0.128237,2.02163,0,0,0.519206,0,
0.406410704670456,11.41683,83.93502,0.730897,0.56392,1.561984,0.008189,0,0.912074,0.871083,
0.410244767922064,10.06805,85.16077,1.346576,2.035425,0.84126,0.547921,0,0,0,
0.414078831173672,12.96925,83.93941,1.13739,0.585003,1.368944,0,0,0,0,
0.41791289442528,9.993131,86.2935,0.644331,1.363856,0.982855,0,0,0.722321,0,
0.421746957676888,11.89694,81.32288,1.211229,0.563215,2.878119,0,1.568867,0.558751,0,
0.425581020928496,10.73346,82.66577,1.281671,1.107491,1.955447,0.767293,0.46454,0.463511,0.56081,
0.429415084180104,12.78327,82.1945,1.171786,0.406166,2.341218,0,0,1.10307,0,
0.433249147431712,12.33903,82.00133,0.943586,1.405648,2.318159,0.219609,0,0.759063,0.013574,
0.43708321068332,11.474,83.00236,0.283104,1.949348,2.543168,0.746197,0.001829,0,0,
0.440917273934928,13.02813,81.94592,1.467069,1.97361,1.272528,0.265557,0,0.047195,0,
0.444751337186536,12.76327,79.68124,0.892476,1.386936,4.380769,0.047069,0.505948,0.342288,0,
0.448585400438144,14.16711,81.40496,1.13391,0.770913,2.181288,0,0.34182,0,0,
0.452419463689752,11.76052,83.83686,1.204219,1.051316,1.850667,0.194806,0,0.101607,0,
0.456253526941361,13.48076,81.8164,1.055936,0.77665,1.947076,0,0,0,0.923185,
0.460087590192969,10.82388,84.8434,0.601877,0.911582,2.647428,0,0,0.171842,0,
0.463921653444577,12.98511,81.70056,1.222917,1.177195,2.783868,0,0,0.130348,0,
0.467755716696185,10.88427,82.28297,1.639992,1.510466,2.854538,0.27729,0,0.55047,0,
0.471589779947793,13.34009,79.01504,1.03133,1.896524,2.804573,0.017235,0,0.568719,1.326485,
0.475423843199401,12.22876,80.34661,1.389854,1.029847,4.072377,0.252422,0.024813,0,0.655313,
0.479257906451009,16.63913,75.80747,1.335053,2.263135,3.509753,0.098769,0.113456,0.23323,0,
0.483091969702617,15.17268,76.30547,1.804068,1.786157,4.506701,0,0,0.42493,0,
0.486926032954225,14.49288,73.65165,1.645773,1.601199,6.86485,0,0.498694,1.244951,0,
0.490760096205833,15.30203,75.11324,2.108937,2.018727,4.750754,0.280318,0.004363,0.421637,0,
0.494594159457441,13.93711,75.13934,2.171056,2.011168,5.221588,0.434769,0.03603,0.755936,0.293006,
0.49842822270905,14.78889,73.58418,1.826884,2.388063,5.228106,0.23451,0,1.949368,0,
0.502262285960658,15.53935,73.15379,2.49424,1.794429,5.898751,0.664246,0.072662,0,0.382537,
0.506096349212266,16.2767,68.33932,2.325883,1.488827,8.667189,0.817165,0,0.844636,1.240279,
0.509930412463874,16.70297,69.65167,2.750419,3.412618,7.088845,0.195702,0,0.197776,0,
0.513764475715482,15.42023,70.18073,1.881234,3.839068,7.598479,0.101933,0.978337,0,0,
0.51759853896709,17.29231,69.37062,2.527227,2.749264,7.567554,0,0.493026,0,0,
0.521432602218698,17.4033,68.65566,2.716588,2.708235,8.223979,0.256536,0.018989,0.016714,0,
0.525266665470306,16.81166,68.25966,2.656939,2.915344,8.332524,0.300315,0,0.723556,0,
0.529100728721914,16.6066,71.17666,1.515496,2.652329,7.467581,0.581336,0,0,0,
0.532934791973522,15.15007,68.96038,2.905245,3.283219,8.650459,0.571149,0,0.479481,0,
0.53676885522513,14.89576,70.16711,2.184278,3.219176,9.342014,0.191663,0,0,0,
0.540602918476738,18.38936,67.75565,2.951012,3.131449,7.167942,0.135939,0,0.46866,0,
0.544436981728347,18.59504,68.30798,1.128945,3.899237,8.0688,0,0,0,0,
0.548271044979955,14.03935,69.44461,3.303517,3.344833,9.807468,0.011521,0.048701,0,0,
0.552105108231563,15.49861,69.79111,2.682026,2.805677,9.111998,0.085317,0,0.02526,0,
0.555939171483171,11.66738,73.08914,1.84846,3.175779,7.86629,0.771041,0.941496,0.640411,0,
0.559773234734779,12.3643,72.07828,1.993407,3.348843,8.702899,0.153247,0,0.539691,0.819344,
0.563607297986387,9.921736,74.84155,1.45329,3.180532,9.544354,0.233585,0.824961,0,0,
0.567441361237995,12.62023,75.33958,1.293878,2.686687,7.395228,0.276168,0,0,0.388224,
0.571275424489603,11.52376,73.24797,2.825442,3.785811,5.831896,0.368333,1.076585,1.340196,0,
0.575109487741211,11.74678,76.17128,2.11997,2.562069,6.594377,0,0.716912,0.088617,0,
0.578943550992819,13.814,71.62714,2.372924,2.404807,8.550073,0.479292,0.751764,0,0,
0.582777614244427,13.42984,73.65366,1.444707,3.692973,6.191039,0.672908,0.914872,0,0,
0.586611677496035,11.63889,74.72321,2.112867,3.73121,6.369856,0.438105,0.034424,0,0.951444,
0.590445740747643,15.10154,71.42756,2.837019,2.777375,6.791888,0.289181,0,0.775437,0,
0.594279803999251,14.86357,72.10983,1.481732,2.174269,8.618821,0.57959,0.172191,0,0,
0.598113867250859,13.96442,73.38396,1.893541,2.478135,7.154201,0.016251,0,1.109491,0,
0.601947930502468,13.24928,73.3922,2.364321,1.922989,7.746938,0.17217,0,1.152094,0,
0.605781993754076,11.85403,75.58881,1.937694,2.163796,8.455663,0,0,0,0,
0.609616057005683,9.25068,79.2935,1.987315,2.797738,6.157595,0.513169,0,0,0,
0.613450120257292,10.36689,76.40903,2.054515,1.976657,6.634444,0,0.289887,1.420478,0.8481,
0.6172841835089,11.64762,77.55698,1.246659,2.555703,6.376053,0.218784,0.398204,0,0,
0.621118246760508,12.79475,79.4642,2.237922,1.391829,4.1113,0,0,0,0,
0.624952310012116,13.31888,80.52045,0.912591,1.347181,3.851237,0.049664,0,0,0,
0.628786373263724,12.51983,76.48064,0.978578,1.061785,5.379327,1.344333,0,0.59628,1.639227,
0.632620436515332,12.1945,79.65381,1.424645,0.778317,4.749917,0.086912,0,0,1.111899,
0.63645449976694,11.24224,82.40906,0.687895,2.018859,3.466585,0.123222,0.052144,0,0,
0.640288563018548,13.54765,77.7521,1.74994,1.699071,4.106603,0.170083,0,0.974553,0,
0.644122626270156,10.9781,81.40491,1.130002,1.947961,3.23027,0.327855,0,0.980905,0,
0.647956689521764,12.00145,81.72177,0.928765,0.609602,3.526305,0.258781,0.01809,0.935232,0,
0.651790752773372,11.34977,82.74613,1.569206,0.8634,2.314734,0.575794,0.580964,0,0,
0.65562481602498,12.05686,83.2866,0.286576,1.364607,2.55429,0.054382,0.39669,0,0,
0.659458879276588,10.55999,83.92743,1.600701,0.785193,2.286496,0,0.213816,0.626377,0,
0.663292942528196,11.00442,82.53381,1.266192,1.030827,2.655819,0.224672,0.031533,0,1.252729,
0.667127005779805,12.71295,80.88476,0.624056,1.022941,3.974146,0,0.494083,0.287064,0,
0.670961069031413,12.18729,82.26392,0.556282,1.726342,2.003638,0.564926,0.395729,0.301868,0,
0.674795132283021,11.95936,83.09417,0.567409,1.193365,2.254242,0.353929,0,0.577526,0,
0.678629195534629,9.629054,85.73592,0.834106,0.59867,2.742844,0.169491,0.289909,0,0,
0.682463258786237,10.5681,84.8981,0.257251,0.720563,1.97961,0.623466,0,0,0.952912,
0.686297322037845,12.38733,85.07903,0.52527,0.810085,0.742041,0,0,0.456248,0,
0.690131385289453,11.68557,83.32315,0.708737,0.827004,2.202474,0,0.346288,0.906774,0,
0.693965448541061,14.45813,81.02553,1.010433,0.695751,1.919196,0,0.546622,0.344342,0,
0.697799511792669,12.96905,82.6058,1.282647,0.463344,1.51476,0,0.76587,0.398521,0,
0.701633575044277,15.34113,82.08595,1.109486,0.554124,0.52356,0.385748,0,0,0,
0.705467638295885,13.33822,83.93555,0.589743,0.759286,1.309659,0,0.067535,0,0,
0.709301701547494,11.69476,85.54753,0.479503,0.78676,1.320428,0,0.006638,0,0.164376,
0.713135764799102,11.17149,84.40335,0.354984,1.274062,1.349896,0.116416,0,0,1.329807,
0.71696982805071,14.40189,82.18943,0.87583,0.789384,0.833144,0.356831,0,0.553494,0,
0.720803891302318,12.89437,82.27051,0.591368,0.967513,2.432794,0.270411,0.573043,0,0,
0.724637954553926,10.56189,86.85965,0.548222,0.901101,0.776557,0,0,0.175754,0.176826,
0.728472017805534,10.74986,85.83781,0.776266,0.987149,1.373303,0.275608,0,0,0,
0.732306081057142,9.687001,86.60542,0.608429,1.427105,1.672051,0,0,0,0,
0.73614014430875,12.35439,84.20833,0.201659,1.152362,1.979803,0,0,0,0.103457,
0.739974207560358,11.01347,85.96938,1.087355,0.212843,1.318461,0,0,0,0.398497,
0.743808270811966,11.46312,84.5964,1.052988,0.995485,1.629155,0,0,0.262853,0,
0.747642334063574,10.78704,84.61589,0.077804,2.087851,1.529682,0,0.489562,0,0.41217,
0.751476397315182,12.16348,83.93179,0.721676,0.837146,1.380593,0.081957,0.883358,0,0,
0.75531046056679,11.4937,85.43468,0.458646,0.852784,1.316693,0.035653,0,0.048386,0.359461,
0.759144523818399,10.88822,84.03807,1.378605,0.448207,2.247287,0,0,0,0.99961,
0.762978587070007,10.35905,86.27138,0.721301,0.621613,0.488964,0,0,0.48927,1.048433,
0.766812650321615,12.27265,84.05585,0.272567,0.629662,1.812039,0.37236,0.382905,0.201959,0,
0.770646713573223,12.09544,85.20173,0.408232,1.285026,0,0.278126,0,0.404917,0.326527,
0.774480776824831,11.84399,86.69153,0.647565,0.531028,0,0.285889,0,0,0,
0.778314840076439,11.82278,85.54463,0.749633,0.266411,0.697201,0,0.40839,0.51095,0,
0.782148903328047,13.38073,84.59257,0.323121,0.36255,0.806113,0.050647,0,0.245208,0.239061,
0.785982966579655,9.696449,85.97289,0.947127,0,1.499224,0,0,0.899786,0.984524,
0.789817029831263,11.29534,84.39406,1.516169,1.001207,1.137011,0.212675,0,0.443545,0,
0.793651093082871,12.09229,85.1318,0.28606,1.482987,1.006863,0,0,0,0,
0.797485156334479,11.45115,85.84961,0.596941,0.363214,1.244435,0,0.362435,0.132216,0,
0.801319219586087,10.86944,84.76167,0.901463,1.352916,1.387372,0.434243,0.038583,0.254308,0,
0.805153282837695,12.27046,85.90635,0.484723,0.090029,0.612913,0,0,0.635522,0,
0.808987346089303,12.14194,83.34109,1.522129,1.053127,0.885899,0,1.05581,0,0,
0.812821409340912,13.97689,84.36847,0.931123,0.330768,0.266796,0,0.125955,0,0,
0.816655472592519,11.94095,85.8531,0.949761,0.525572,0.730624,0,0,0,0,
0.820489535844128,10.26728,87.29176,0.673074,0.579582,0.511796,0.00164,0.136072,0.292249,0.246549,
0.824323599095736,11.61513,85.64,1.057013,0.536308,0.668003,0.259547,0.224004,0,0,
0.828157662347344,10.19816,85.92334,1.142979,0.386892,0.954713,0.228207,0.513635,0,0.65208,
0.831991725598952,11.50652,85.69363,1.115767,0.423929,1.193079,0,0.067072,0,0,
0.83582578885056,11.28508,85.57586,0.612248,0.468412,0.54785,0.291374,0.68864,0.530537,0,
0.839659852102168,12.40905,85.30041,0.811254,0.63109,0,0,0,0.848193,0,
0.843493915353776,13.17672,85.24578,0.631879,0.546813,0.259249,0,0.139558,0,0,
0.847327978605384,11.45402,84.57173,1.371459,0.753535,0.455606,0.92564,0,0.468003,0,
0.851162041856992,12.45302,85.46825,0.771164,1.192059,0,0.115509,0,0,0,
0.8549961051086,10.95623,87.57721,0.699675,0.436196,0,0,0.330684,0,0,
0.858830168360208,12.8977,83.56898,1.05071,0.893106,0.513746,0.406279,0,0.669482,0,
0.862664231611816,12.84227,84.18356,1.290893,0.408681,0.23065,0.290033,0,0.753908,0,
0.866498294863425,11.60083,85.368,0.933084,0.567252,0.907518,0,0.208071,0,0.415246,
0.870332358115033,10.9764,86.6936,0.60225,0.938329,0.285601,0,0,0.503818,0,
0.874166421366641,11.34496,84.58582,0.525161,0.795223,0.937609,0.516046,1.020619,0.274559,0,
0.878000484618249,12.0256,84.71591,0.903233,0.434608,0.85124,0.047378,0.075887,0.946144,0,
0.881834547869857,11.57363,85.17458,1.047919,0.65288,0.957018,0.225808,0.166907,0,0.201257,
0.885668611121465,12.76499,84.08514,0.357915,0.791704,0.854515,0.143009,0,0.684876,0.317862,
0.889502674373073,11.66356,85.33476,0.385133,0.375108,1.679659,0,0,0.561779,0,
0.893336737624681,11.65214,85.79023,0.563432,0.383817,0.546861,0,0,0.614271,0.449244,
0.897170800876289,12.11701,85.36388,0.355927,0.533557,1.56755,0,0.014364,0,0.047708,
0.901004864127897,12.99825,83.81802,1.021285,1.061947,0.530347,0,0.135542,0.43461,0,
0.904838927379505,12.84932,85.71741,0.740888,0.69239,0,0,0,0,0,
0.908672990631113,10.87585,84.89246,0.817034,1.056793,0.697208,0,1.660663,0,0,
0.912507053882721,12.11017,85.63607,0.746693,0.623204,0.390619,0.493248,0,0,0,
0.916341117134329,12.83979,84.18141,0.592816,0.588493,1.583813,0,0,0.213676,0,
0.920175180385937,10.84029,85.38833,0.377341,1.473186,1.158049,0.457203,0,0.305597,0,
0.924009243637545,11.17498,85.9084,0.630839,0.719691,0.331947,0,0,0,1.234147,
0.927843306889154,10.7571,86.57318,0.331169,1.431805,0.590082,0,0,0,0.316669,
0.931677370140762,13.04507,82.42007,1.186702,0.187437,1.721214,0.302767,0,1.136741,0,
0.93551143339237,10.00837,86.28996,0.84667,0.412068,0.917343,0.135765,0,1.069726,0.320103,
0.939345496643978,13.31609,84.35155,0.439938,0.322487,0.925376,0.167613,0.204863,0.272094,0,
0.943179559895586,11.67158,85.2307,0.879232,0.256167,0.578244,0.385976,0.474465,0.523639,0,
0.947013623147194,10.30608,87.92007,0.486458,0.233245,0.389941,0.31968,0.299992,0.04453,0,
0.950847686398802,10.33185,85.71206,1.218206,0.455854,0.967938,0.49861,0,0,0.815482,
0.95468174965041,12.82995,83.96188,1.37138,0.806885,0.974453,0,0,0.055449,0,
0.958515812902018,12.7594,84.09373,0.896963,0.248527,1.046842,0.201873,0.752667,0,0,
0.962349876153626,11.1085,84.44148,1.471692,0.857055,0.870699,0,0,0.718682,0.531887,
0.966183939405234,11.30526,85.65463,0.784014,0.812724,0.38746,0.455916,0.344793,0.2552,0,
0.970018002656842,11.84285,84.87469,0.574911,0.966999,0.62884,0.491355,0,0.620348,0,
0.973852065908451,12.63711,84.58643,0.269596,1.238275,1.243081,0.025503,0,0,0,
0.977686129160058,9.17835,85.93851,1.345835,1.53496,1.694154,0,0.308189,0,0,
0.981520192411667,13.24364,82.83909,0.939656,0.586527,1.176434,0.298542,0.289316,0.626792,0,
0.985354255663275,9.67763,87.57856,0.928961,0,0.9841,0,0.106142,0.23259,0.492019,
0.989188318914883,11.45661,82.96244,1.002625,1.134955,1.68094,0.221371,0.329212,1.21184,0,
0.993022382166491,11.98603,83.69294,0.843611,0.838289,2.009322,0.500043,0.129763,0,0,
0.996856445418099,11.13226,83.89201,0.399033,0.7777,2.195291,0.614204,0.989514,0,0,
1.00069050866971,11.78101,85.01535,0.405798,0.985156,1.525514,0,0.197226,0.070404,0.019541,
1.00452457192132,12.1584,84.7748,0.731616,1.007402,0.614042,0,0,0,0.713747,
1.00835863517292,11.00766,85.25716,1.17199,1.094352,0.681369,0.093511,0.601436,0,0.092522,
1.01219269842453,11.81834,86.10381,0.797167,1.224503,0,0,0.056176,0,0,
1.01602676167614,10.694,85.89648,0.858842,1.253049,1.297621,0,0,0,0,
1.01986082492775,10.61738,84.93728,1.38378,0.974823,1.930467,0.156269,0,0,0,
1.02369488817936,12.39546,82.96873,1.033689,0.83295,2.232855,0,0,0.536317,0,
1.02752895143096,10.9969,85.13873,0.63048,1.038692,1.406521,0.248028,0,0.540649,0,
1.03136301468257,11.72385,83.46348,0.531653,1.64153,1.118724,0.482077,0.483484,0.555201,0,
1.03519707793418,11.77338,83.43456,0.595376,1.169721,1.796203,0.392105,0,0,0.838652,
1.03903114118579,12.28236,83.6854,1.463395,0.638044,1.594157,0.333242,0,0.003399,0,
1.0428652044374,11.804,82.98041,1.041052,0.685141,1.752746,0,0,1.736655,0,
1.046699267689,11.49661,84.54624,1.018511,1.630602,1.25126,0,0.056766,0,0,
1.05053333094061,10.78807,84.63219,1.302801,1.377594,1.617291,0,0,0.282053,0,
1.05436739419222,13.20528,82.50283,0.777908,0.519013,1.831936,0.531978,0.049554,0.091823,0.489679,
1.05820145744383,12.24777,80.554,0.568517,1.044793,2.294486,0.979306,0.619974,1.691152,0,
1.06203552069544,12.84678,84.25739,0.591233,1.011271,0.958435,0.09743,0.237474,0,0,
1.06586958394704,10.57154,83.82049,1.305855,1.331539,1.71094,0.185589,0.636887,0.437165,0,
1.06970364719865,14.28921,82.0647,0.735771,1.227996,1.630119,0.052202,0,0,0,
1.07353771045026,11.63931,83.44225,0.690161,0.956546,2.392639,0,0.095653,0.02626,0.757181,
1.07737177370187,13.27805,82.49958,1.231363,0.713926,1.897192,0.286409,0.093475,0,0,
1.08120583695348,12.74855,83.32677,0.879667,0.577451,1.909162,0.055225,0.503172,0,0,
1.08503990020508,12.34091,84.22993,0.769146,0.929594,1.730417,0,0,0,0,
1.08887396345669,12.43816,83.55861,1.049341,1.178732,1.528594,0,0.207076,0.039489,0,
1.0927080267083,12.18951,84.17651,1.044922,1.139429,1.346055,0.101127,0.002444,0,0,
1.09654208995991,13.79618,82.51543,0.420771,1.233574,2.03405,0,0,0,0,
1.10037615321152,14.15921,82.70019,0.526629,1.165972,0.971915,0,0,0.476084,0,
1.10421021646313,13.9034,81.05219,1.425603,1.360589,0.778202,0,0.514843,0.965173,0,
1.10804427971473,13.23974,84.06147,0.767028,1.374269,0.557494,0,0,0,0,
1.11187834296634,13.57572,82.21483,1.168434,1.097912,1.480466,0,0,0.462634,0,
1.11571240621795,13.62498,82.1784,1.000474,1.245862,1.04484,0.596545,0,0.130605,0.17829,
1.11954646946956,14.36708,82.24294,0.585164,0.893562,1.17838,0.26882,0.158425,0.305626,0,
1.12338053272117,12.74016,83.88373,0.670863,0.935269,1.004824,0,0,0.765154,0,
1.12721459597277,14.08819,82.92409,0.825457,0.720171,0.875768,0.025545,0.039024,0.501762,0,
1.13104865922438,11.85197,83.31812,1.526469,1.513334,1.584971,0,0,0.205133,0,
1.13488272247599,14.89327,80.33167,1.287618,0.667422,1.649794,0.064436,0.349043,0.251038,0.505717,
1.1387167857276,15.39134,80.44885,0.357524,0.76636,1.655728,0.544572,0.525029,0.310596,0,
1.14255084897921,12.26027,84.33969,0.788954,0.590017,1.123001,0,0.895518,0.002541,0,
1.14638491223081,14.27469,81.88294,0.410395,1.384554,1.096877,0.322161,0,0.62838,0,
1.15021897548242,15.98701,79.32468,0.430185,1.999956,1.339255,0.455759,0.463151,0,0,
1.15405303873403,14.35482,80.91695,1.220719,1.517036,1.825117,0.069305,0,0.096064,0,
1.15788710198564,14.94313,78.8668,1.185305,0.753738,2.463857,0,0.126147,0.379088,1.281938,
1.16172116523725,15.53373,80.73766,1.524267,1.203094,0.846252,0.15499,0,0,0,
1.16555522848885,15.2343,80.66788,1.19381,1.189258,0.840425,0,0,0.874327,0,
1.16938929174046,17.25976,79.22241,0.788694,0.354896,1.324755,0.195865,0,0.853616,0,
1.17322335499207,14.94046,79.54232,0.887298,1.577596,2.056326,0.083291,0.550951,0.361756,0,
1.17705741824368,15.87692,78.86126,2.03548,1.624729,1.458417,0.143194,0,0,0,
1.18089148149529,15.79161,77.93702,2.266206,1.35238,1.625096,0,0.512351,0.515338,0,
1.18472554474689,14.9082,78.2034,1.492629,1.322962,3.139487,0.469497,0,0.463824,0,
1.1885596079985,13.32268,80.95998,1.459649,1.133829,2.112504,0.029491,0.160017,0.821849,0,
1.19239367125011,15.71535,78.19879,1.147897,2.104264,2.034559,0.165952,0.633182,0,0,
1.19622773450172,14.84424,79.62859,1.168408,1.528912,2.296121,0,0,0.533723,0,
1.20006179775333,15.09916,76.83226,2.556253,1.520921,3.005104,0.098486,0.041472,0,0.846349,
1.20389586100493,16.47195,75.6256,3.06027,1.781935,2.617438,0.088638,0.354169,0,0,
1.20772992425654,14.34576,78.04024,2.764062,2.000505,2.849435,0,0,0,0,
1.21156398750815,14.18884,77.53093,2.653196,1.518198,2.944819,0,0,0,1.16401,
1.21539805075976,19.56286,72.20872,1.057266,2.378589,3.417241,0,0.256393,1.118931,0,
1.21923211401137,17.80397,74.78159,1.811598,3.079242,2.190604,0.179335,0.057797,0.09587,0,
1.22306617726298,17.77003,73.4757,2.239768,1.530452,3.150643,0.27044,0.404145,0.985787,0.173035,
1.22690024051458,13.16337,78.30791,3.697041,2.165843,2.452635,0.095863,0,0.117331,0,
1.23073430376619,15.96566,73.54296,4.155657,1.760932,3.407458,0.806671,0.360655,0,0,
1.2345683670178,16.59197,74.17547,4.667097,0.970762,3.207582,0,0,0.387126,0,
1.23840243026941,14.27021,75.79295,4.107532,0.850073,2.73659,0.055352,0.53597,1.651324,0,
1.24223649352102,14.73488,75.43122,3.989993,1.624474,3.023291,0.224,0.067952,0.904184,0,
1.24607055677262,11.53684,81.12749,3.25596,1.367739,2.477329,0.234638,0,0,0,
1.24990462002423,11.58142,82.13212,2.545389,1.42221,2.105482,0,0.03929,0,0.174094,
1.25373868327584,14.66353,77.50757,2.68215,1.48545,2.620489,0.331367,0,0.709444,0,
1.25757274652745,11.256,81.18448,1.973027,0.907594,2.578608,0.761578,0.163737,0.027949,1.147028,
1.26140680977906,11.6048,81.12045,1.867275,1.230663,1.967785,0.306361,0,0.721284,1.181383,
1.26524087303066,10.88063,80.8717,2.602297,1.13437,2.986779,0,0,0.879784,0.644438,
1.26907493628227,10.50809,83.04961,1.248757,1.97757,2.883456,0.276317,0,0.056202,0,
1.27290899953388,10.2324,82.4944,3.193432,1.157022,1.981708,0.283381,0,0.65765,0,
1.27674306278549,9.156165,79.67664,2.355879,1.199606,3.955364,0,0,2.534911,1.121439,
1.2805771260371,8.369067,85.7219,1.358984,1.245401,2.653061,0.212518,0,0.439069,0,
1.2844111892887,7.903144,83.96913,2.461741,1.815129,2.448954,0,0,0.424292,0.977607,
1.28824525254031,10.09011,81.78345,2.217929,1.378129,3.385313,0,0.480468,0.167865,0.496733,
1.29207931579192,9.541358,85.40943,1.56441,0.681491,2.285682,0,0,0.517624,0,
1.29591337904353,9.558355,84.53796,1.885367,0.633843,2.553667,0,0,0.830812,0,
1.29974744229514,10.16933,83.26859,1.274665,1.264718,2.272799,0.811828,0.637341,0,0.300734,
1.30358150554674,7.904415,86.38151,1.900222,1.160161,1.862117,0,0,0.791573,0,
1.30741556879835,8.792898,85.76855,1.382035,0.933582,2.060391,0.868613,0,0.193929,0,
1.31124963204996,7.959821,86.46701,1.57587,0.980782,2.701901,0,0.220681,0.093935,0,
1.31508369530157,7.07203,87.29502,1.367522,1.493187,1.716563,0.037105,1.018573,0,0,
1.31891775855318,7.311986,85.80871,1.650643,1.224441,2.351731,0.420843,0,0,1.231646,
1.32275182180479,8.014867,86.08064,1.731409,1.407048,2.099129,0,0.508872,0.026462,0.131574,
1.32658588505639,8.49857,85.9389,1.409699,1.067714,2.360394,0,0,0.724716,0,
1.330419948308,10.16995,83.1789,1.213125,1.620041,3.653683,0,0.141676,0.022623,0,
1.33425401155961,8.808424,86.00979,0.575138,1.662569,2.601871,0.331098,0.011108,0,0,
1.33808807481122,9.715646,84.24027,1.607379,2.245425,2.048135,0,0.14314,0,0,
1.34192213806283,7.728551,84.75484,2.22765,1.121756,3.607731,0.284286,0.199738,0.075445,0,
1.34575620131443,9.434278,82.17006,2.981904,1.193297,2.163195,0.515786,0.294029,0,1.247455,
1.34959026456604,9.588597,84.54617,1.93766,1.415704,1.850453,0.507013,0,0.15441,0,
1.35342432781765,9.26688,77.87159,2.988638,2.95854,6.537827,0,0,0,0.376526,
1.35725839106926,7.831003,79.89458,2.935101,1.899912,4.78569,0,0.318808,0.64969,1.685215,
1.36109245432087,9.441876,77.38647,4.052015,2.627565,5.139412,0.276756,0.264959,0.810941,0,
1.36492651757247,9.431037,75.21354,3.928911,1.68846,5.344212,0.941526,0.661516,1.571643,1.219156,
1.36876058082408,9.866728,78.82952,2.343218,2.631387,5.873107,0.442898,0,0.013145,0,
1.37259464407569,11.08088,79.03252,2.465225,2.460504,4.12578,0.226323,0.048503,0.560259,0,
1.3764287073273,10.92264,78.4216,1.759075,3.009625,5.540031,0,0,0.347033,0,
1.38026277057891,12.41927,79.40514,2.01848,1.375304,3.521423,0.459935,0.800449,0,0,
1.38409683383051,10.63697,81.30721,2.431997,1.945729,3.155488,0.007168,0,0.475292,0.040141,
1.38793089708212,6.347694,82.48522,2.444145,3.215381,5.507556,0,0,0,0,
1.39176496033373,8.518349,83.98067,1.396108,2.292752,3.035808,0.456788,0,0,0.319518,
1.39559902358534,8.498741,83.49857,2.445634,1.111444,2.93789,0,0,1.507723,0,
1.39943308683695,10.49364,79.72594,1.654976,2.161286,4.547799,0,0.22591,1.190441,0,
1.40326715008855,11.92768,80.22748,1.908378,1.38758,3.687872,0,0,0.791856,0.069153,
1.40710121334016,12.22402,79.96598,1.938478,1.066926,3.556487,0.754797,0,0.49331,0,
1.41093527659177,10.69569,81.54997,1.093541,1.80128,3.95678,0.557709,0,0,0.345033,
1.41476933984338,12.29726,81.76357,0.401923,1.3741,3.37119,0.197957,0.594004,0,0,
1.41860340309499,14.71519,79.21812,1.121441,1.974668,1.949192,0.177912,0,0,0.84348,
1.42243746634659,13.74728,80.64998,1.17478,1.540219,1.791746,0.378247,0,0.717758,0,
1.4262715295982,12.39493,82.02164,1.151436,1.572925,1.683314,0.786902,0.388855,0,0,
1.43010559284981,10.69475,83.51109,1.475411,0.928594,3.280769,0,0,0,0.109376,
1.43393965610142,9.942314,81.20065,1.294785,1.246962,2.883286,0.442449,0.512352,1.131924,1.345281,
1.43777371935303,12.85275,82.35551,0.975906,0.80247,1.335751,0.148821,0,1.528786,0,
1.44160778260464,10.01294,86.02394,0.746814,1.268933,0.747847,0.347373,0.330483,0.521669,0,
1.44544184585624,13.64683,79.35909,1.770094,0.591115,3.201255,0.331673,0.12468,0.975261,0,
1.44927590910785,13.15933,82.05586,0.595372,1.000764,1.927097,0.485716,0,0.77586,0,
1.45310997235946,12.71644,81.57189,1.184402,1.575189,2.629805,0.322271,0,0,0,
1.45694403561107,10.76694,83.90259,0.969324,1.686779,1.95232,0.043927,0.50608,0.015339,0.1567,
1.46077809886268,12.47571,82.05327,0.749473,1.634948,2.429714,0.656891,0,0,0,
1.46461216211428,14.2503,81.98326,0.562727,0.982775,0.945594,0,0.514252,0.761091,0,
1.46844622536589,8.583935,84.32902,1.112151,1.273022,3.816645,0.506393,0,0.041735,0.337103,
1.4722802886175,14.6275,80.96477,0.078573,1.121501,2.500282,0.527791,0,0.179585,0,
1.47611435186911,14.59305,80.63132,1.025018,1.563265,1.322554,0.046333,0.818461,0,0,
1.47994841512072,13.7123,81.03818,1.428097,0.583648,2.267723,0.11607,0.125479,0.728508,0,
1.48378247837232,13.97007,80.30053,0.602355,1.77243,2.938431,0.221913,0,0.194272,0,
1.48761654162393,11.79022,83.86282,1.109488,1.48212,1.388747,0.310823,0,0,0.055789,
1.49145060487554,12.29007,82.12483,1.416992,1.002759,2.494385,0.158417,0.459032,0,0.053512,
1.49528466812715,12.89111,83.40923,0.829421,0.654164,1.167101,0.136458,0.089235,0.255409,0.567873,
1.49911873137876,12.17265,83.78783,0,0.998843,2.052531,0,0,0,0.98814,
1.50295279463036,11.1877,83.07232,1.069442,0.833334,2.617837,0.415278,0.804093,0,0,
1.50678685788197,10.97919,83.59401,1.798343,1.149868,1.802178,0,0.383922,0,0.292488,
1.51062092113358,14.99136,80.84309,0.803976,0.691906,1.29631,0.049401,1.323959,0,0,
1.51445498438519,9.834635,84.54047,1.135466,0.651739,1.626258,0,1.125975,0.580144,0.505314,
1.5182890476368,11.47879,83.66504,0.942094,1.282978,1.546281,0.321409,0,0.763407,0,
1.52212311088841,11.78303,82.37003,0.496524,1.412812,2.305268,0.649364,0,0.650382,0.332585,
1.52595717414001,10.62101,85.70686,0.798253,1.233797,1.08532,0.045019,0.089927,0.419812,0,
1.52979123739162,12.3802,82.33989,0.813529,0.550192,1.933488,0.213232,0.292078,1.477396,0,
1.53362530064323,11.39654,83.51084,1.033894,1.168776,2.038759,0.671329,0.179865,0,0,
1.53745936389484,11.45627,82.50521,0.801069,0.99422,1.586496,0.451469,0.913031,0.761752,0.530489,
1.54129342714645,11.44601,83.31837,0.499464,1.385512,2.06716,0.542031,0,0.741453,0,
1.54512749039805,11.70691,85.3343,0.704421,1.508895,0.397496,0.067293,0.28068,0,0,
1.54896155364966,12.81259,82.92448,0.623028,1.58665,1.379129,0.237519,0.118225,0.318388,0,
1.55279561690127,12.53701,83.73528,0.999472,0.619758,1.080231,0,0.321345,0.69088,0.016025,
1.55662968015288,11.36832,84.19791,1.100552,1.58253,1.300252,0,0,0.450438,0,
1.56046374340449,11.24405,82.64672,1.017473,1.324147,2.064629,0.39164,0,1.311334,0,
1.56429780665609,12.66123,84.79468,0.35347,0.526862,1.181227,0.266301,0,0.216238,0,
1.5681318699077,13.4185,83.89811,1.035694,0.03545,1.054122,0.263661,0,0.294465,0,
1.57196593315931,10.85205,83.31641,0.653974,1.134424,1.701655,0.157381,0,0.134117,2.049982,
1.57579999641092,10.9355,85.76917,1.098119,0.407586,1.551424,0,0.103066,0.135133,0,
1.57963405966253,14.64756,82.32652,0.374905,0.926596,0.799811,0.430209,0,0,0.494401,
1.58346812291413,11.85973,85.67609,0.080143,0.736687,1.647352,0,0,0,0,
1.58730218616574,11.13728,86.00414,0.471441,0.747855,0,0.459138,0.423889,0.060425,0.695841,
1.59113624941735,12.54356,85.00893,1.061393,0.663834,0.516463,0.180457,0,0.025368,0,
1.59497031266896,10.66969,84.65694,0.666162,0.592216,1.999464,0.628752,0.786772,0,0,
1.59880437592057,13.27037,82.25935,0.653344,1.078302,1.989459,0.285653,0,0.463526,0,
1.60263843917217,11.09743,86.46228,0.673097,0.840123,0.321738,0.60533,0,0,0,
1.60647250242378,12.47038,84.49519,0.654725,0.058189,1.152942,0.544067,0.096294,0.528215,0,
1.61030656567539,11.21523,84.73345,0.677214,1.472031,1.078304,0.468224,0,0.355542,0,
1.614140628927,11.93566,84.71518,0.337294,0.943599,1.714727,0.353537,0,0,0,
1.61797469217861,13.66354,83.72018,0.376922,0.511358,1.098558,0,0,0.629442,0,
1.62180875543021,12.42434,84.21511,1.000905,0.945071,0.815627,0.097917,0,0.501028,0,
1.62564281868182,12.98664,82.98316,0.803855,1.386977,1.839371,0,0,0,0,
1.62947688193343,12.63389,86.28604,0.431834,0.184283,0.463947,0,0,0,0,
1.63331094518504,11.691,84.97202,1.175581,0.391048,0.56037,0.099,0,1.11098,0,
1.63714500843665,13.54356,83.54313,0.069003,0.858129,1.71865,0.068154,0,0,0.199374,
1.64097907168826,12.84674,83.5956,1.414705,0.78135,0.686716,0,0,0.674894,0,
1.64481313493986,10.19031,87.51279,0.68133,0.582581,0.985567,0.047417,0,0,0,
1.64864719819147,9.538862,85.93492,0.740205,0.189025,1.152176,0,1.171048,0.27398,0.999781,
1.65248126144308,13.00412,84.6776,1.01392,0.786771,0.147861,0.369725,0,0,0,
1.65631532469469,11.05315,85.90354,0.546793,1.185919,0.133128,0.454461,0,0.723004,0,
1.6601493879463,10.61765,86.88743,0.249744,1.35528,0.426307,0.27889,0.184695,0,0,
1.6639834511979,10.74236,86.3927,1.106575,0.554674,0.71799,0.113814,0,0.371886,0,
1.66781751444951,11.12107,86.41348,0.402673,0.637955,1.287691,0.137136,0,0,0,
1.67165157770112,12.29485,85.66415,0.297388,0.233593,0.787669,0.055936,0.171862,0.494555,0,
1.67548564095273,10.67372,86.72556,0.293041,1.14149,1.166191,0,0,0,0,
1.67931970420434,11.08603,86.11097,0,0.70403,1.359416,0,0.138394,0.139629,0.46153,
1.68315376745594,9.658167,87.507,0.298821,0.479817,1.42101,0.293607,0,0,0.341582,
1.68698783070755,11.85053,84.98822,0,0.855835,1.356419,0.458357,0.097248,0.393392,0,
1.69082189395916,10.83449,85.84843,0.294725,0.445284,1.492707,0.402321,0.682047,0,0,
1.69465595721077,10.75008,87.96922,0.53682,0,0.743883,0,0,0,0,
1.69849002046238,10.83191,85.97837,0.708925,0.008665,0.593102,0.013946,0.299802,1.310523,0.254757,
1.70232408371398,14.02527,83.26672,0.403665,0.779827,0.774839,0,0.042974,0.70671,0,
1.70615814696559,11.96802,83.97235,1.323634,0.673045,0,0.151639,1.026451,0,0.884861,
1.7099922102172,9.433705,86.84285,1.242271,0.246766,0.658723,0,0.337179,0.880363,0.358146,
1.71382627346881,11.51772,86.84504,0.167005,1.282033,0,0.107857,0,0.080344,0,
1.71766033672042,11.24492,86.42876,0.290338,0.665317,0.836551,0.187872,0,0.346243,0,
1.72149439997202,12.51765,85.5647,0.832388,0.902472,0.168285,0.014504,0,0,0,
1.72532846322363,10.98807,86.43829,0.715426,0.75449,0.418315,0.248375,0,0.437037,0,
1.72916252647524,10.56784,87.24757,0,0.691784,0.20976,0.148925,0.417526,0.016668,0.699929,
1.73299658972685,13.55012,84.07858,0.019904,0.91961,0.619023,0,0.416094,0.396662,0,
1.73683065297846,12.21434,84.11858,0.726727,1.268352,1.049631,0.277531,0,0,0.344832,
1.74066471623007,12.59859,85.5006,0.113338,0.680457,0.4452,0.444671,0,0.217158,0,
1.74449877948167,10.58036,86.45977,0.364503,0.566289,0.479782,0.19182,0.295784,0.044372,1.017327,
1.74833284273328,10.43653,86.39639,0.564517,0.824809,0,0.625333,0.508118,0.478734,0.165571,
1.75216690598489,12.18121,85.92883,0.039805,0.62695,0.753834,0.093076,0.033416,0.1271,0.215784,
1.7560009692365,12.7909,84.49078,0.180964,0.458655,0.61707,0,0,1.461641,0,
1.75983503248811,9.370537,87.4367,0.579176,0.726717,1.215482,0.398504,0.272885,0,0,
1.76366909573971,9.485895,88.26821,0.705554,0.518076,0.235334,0.185199,0,0,0.601731,
1.76750315899132,10.61021,86.23128,1.136528,0,1.118352,0.060108,0,0.843521,0,
1.77133722224293,11.84262,86.70615,1.267979,0,0.061729,0.06039,0,0.061128,0,
1.77517128549454,9.093266,88.80431,0.559264,0.430664,0.501426,0.2501,0,0.360975,0,
1.77900534874615,10.63404,87.01055,0,0.527034,0.975352,0.161567,0,0.691454,0,
1.78283941199775,11.72213,86.4672,0.575793,0.353149,0.746733,0,0,0,0.134996,
1.78667347524936,10.59824,85.88189,0.913512,1.011968,0.98698,0.472068,0,0,0.135348,
1.79050753850097,13.55113,84.47621,0.463794,0.778884,0.216077,0,0.513901,0,0,
1.79434160175258,10.27974,86.6678,0.92213,1.120883,0.454041,0.555403,0,0,0,
1.79817566500419,10.23977,87.53333,1.055731,0.935303,0,0,0,0.235867,0,
1.80200972825579,10.20025,87.2385,0.866949,0.370511,0.863863,0,0.135485,0.324439,0,
1.8058437915074,9.377146,88.6597,0.008446,0.188369,0.516495,0.326882,0.437886,0.485077,0,
1.80967785475901,11.23929,85.03027,0.361546,0.663475,0.411712,0.437113,0.931748,0,0.924851,
1.81351191801062,10.04925,87.73522,0.864835,0.215668,0.888733,0.198304,0,0.047989,0,
1.81734598126223,9.032252,88.57163,0.621913,0.913143,0.09466,0.7664,0,0,0,
1.82118004451383,12.73209,85.76884,0.757025,0.276129,0.461491,0.004425,0,0,0,
1.82501410776544,9.604958,89.4545,0.182559,0.468788,0.232682,0,0,0.056518,0,
1.82884817101705,10.35041,87.32654,0.75296,0.049424,0.497136,0,0,1.023533,0,
1.83268223426866,13.15933,84.18854,1.039625,0.227806,0.455072,0.371631,0.172687,0.385311,0,
